#PP 2.0

ACNL01000295.1/1429-1396_Bacillus_thuringiensis_IBL_4222_contig00548,_whole_genome_shotgun_sequence. AAAUUGGUGUAUCCUUACCCUAGUAGGAACAAAA

#END

#SECTION BASEPAIRS

#BPCUT 0.001

21 25 0.003316
19 27 0.003645
24 29 0.00397
20 27 0.001406
16 25 0.3743
18 23 0.7036
16 22 0.001809
15 25 0.451
14 27 0.05235
12 28 0.7642
23 30 0.004365
11 16 0.1365
10 29 0.7141
10 17 0.1417
9 30 0.7307
9 18 0.1416
5 33 0.02956
5 32 0.009549
6 20 0.03404
9 16 0.01901
5 22 0.1187
4 34 0.01759
3 24 0.1109
4 23 0.1166
8 17 0.02001
4 32 0.004823
6 14 0.002353
17 21 0.001579
15 26 0.05668
13 27 0.781
5 31 0.005409
7 30 0.01681
4 33 0.009481
7 20 0.1071
20 26 0.004075
6 19 0.01906
6 21 0.1074
14 26 0.7768
6 30 0.004519
7 18 0.01992
7 13 0.002488
21 26 0.001293
17 24 0.695
7 19 0.03429
8 29 0.01737
8 31 0.5977

#END
