#PP 2.0

Bacillus_cereus_Rock_1-15 AAAUUUGGAGAGUCCAUGCCGUAAGUUGGGACCGAU

#END

#SECTION BASEPAIRS

#BPCUT 0.001

27 34 0.003043
26 35 0.00295
25 36 0.002526
20 29 0.04129
20 28 0.04648
28 33 0.003042
19 30 0.04109
19 25 0.8424
18 33 0.001332
19 29 0.04395
17 28 0.002132
21 27 0.04076
17 25 0.003705
18 27 0.002978
16 26 0.002609
15 29 0.8446
15 28 0.06126
14 34 0.00476
14 30 0.8512
18 26 0.8314
16 27 0.05855
6 16 0.06713
6 11 0.001912
3 36 0.004101
13 35 0.004646
14 29 0.05758
5 34 0.002162
6 10 0.001032
4 11 0.001575
5 11 0.001146
9 13 0.06269
4 35 0.003671
6 34 0.2494
5 35 0.2128
8 14 0.08282
5 10 0.001573
7 33 0.2694
7 15 0.08284
8 32 0.209
13 30 0.0432
12 32 0.6913
12 36 0.003979
13 31 0.8519

#END
