#PP 2.0

Bryantella_formatexigens_DSM_14469 AAGCGGUGAGUCCUACUGUAAGUGGAACCGAUAA

#END

#SECTION BASEPAIRS

#BPCUT 0.001

14 21 0.003921
7 15 0.006434
5 17 0.006456
14 24 0.09031
6 28 0.9804
12 25 0.9156
7 27 0.9608
6 16 0.006467
11 27 0.009995
13 24 0.897
13 25 0.07067
5 29 0.9809
11 26 0.921
6 32 0.004583
3 19 0.006175
16 22 0.8832
12 24 0.002479
4 18 0.006458
4 30 0.9541
15 23 0.854
13 22 0.003936
17 21 0.7169
7 30 0.002665
7 31 0.004775
11 25 0.001942
8 14 0.00592
8 29 0.004872
10 28 0.01015

#END
