#PP 2.0

Clostridium_phage_D-1873 AAAGUCAGUGAGCCUCCACUGUAUAAGCGAGGAGCUAA

#END

#SECTION BASEPAIRS

#BPCUT 0.001

28 34 0.8904
25 36 0.007438
26 36 0.8219
24 37 0.01248
19 27 0.03817
16 32 0.08221
15 30 0.01272
27 35 0.8904
20 29 0.04025
8 19 0.9046
22 27 0.04609
20 26 0.03796
7 36 0.008144
17 31 0.08193
7 20 0.9033
5 34 0.001081
16 29 0.01266
10 16 0.004791
5 23 0.3594
4 35 0.001143
3 36 0.001072
4 24 0.3502
4 22 0.04229
10 17 0.8962
6 21 0.8949
11 15 0.007217
9 37 0.001359
11 36 0.0747
8 35 0.00898
21 28 0.04897
9 18 0.9041
15 33 0.08189
9 34 0.008524
13 32 0.01223
14 34 0.04245
12 35 0.08001
13 34 0.04035
14 31 0.01268

#END
