#PP 2.0

Clostridium_botulinum_BKT015925 AAAGUCAGUGAACCUCCACUGUAUAAGCGAGGAGCUAAA

#END

#SECTION BASEPAIRS

#BPCUT 0.001

28 34 0.9692
25 36 0.008096
26 36 0.8946
24 37 0.01358
19 27 0.01094
16 32 0.003435
27 35 0.9692
20 29 0.001706
8 19 0.9846
22 27 0.002478
20 26 0.01091
7 36 0.008582
17 31 0.003424
7 20 0.9832
5 34 0.001176
10 16 0.005215
16 29 0.01174
5 23 0.3912
4 35 0.001232
3 36 0.001155
4 24 0.3812
4 22 0.04603
10 17 0.9754
6 21 0.9741
11 15 0.007855
8 35 0.009466
21 28 0.00263
9 18 0.9841
9 34 0.009277
13 32 0.01174
15 33 0.003426
14 31 0.01181
14 34 0.003311
15 30 0.01181

#END
