#PP 2.0

Clostridium_cellulovorans_743B AUUCAGGUGAGGUCCUACCAUACAGUGGACAAUAAAA

#END

#SECTION BASEPAIRS

#BPCUT 0.001

16 27 0.02102
14 28 0.5417
15 28 0.01196
13 29 0.5504
13 17 0.328
12 30 0.5485
12 18 0.4041
11 19 0.4045
9 33 0.02409
21 25 0.02675
9 23 0.001708
8 34 0.02298
8 32 0.008167
4 27 0.3751
7 14 0.03085
4 11 0.007776
9 16 0.007372
7 23 0.4
15 27 0.5323
3 29 0.01017
3 28 0.3454
8 22 0.4006
2 32 0.001215
3 10 0.1282
2 11 0.07453
1 33 0.001475
2 29 0.2806
8 24 0.00166
7 33 0.0085
4 9 0.1335
4 28 0.01146
19 27 0.03188
17 26 0.3972
5 16 0.02798
5 26 0.3669
6 15 0.03091
20 26 0.03121
18 25 0.4097
6 19 0.008607
9 21 0.3932
7 18 0.008628
18 28 0.03152
8 17 0.008582

#END
