#PP 2.0

CP000905.1/47243-47276_Bacillus_weihenstephanensis_KBAB4_plasmid_pBWB402,_complete_genome. AAAUUGGUGUAGCCUUACCGUAGUAGGCACAAAA

#END

#SECTION BASEPAIRS

#BPCUT 0.001

17 24 0.8159
16 25 0.4132
15 25 0.5662
14 27 0.008777
6 19 0.00412
14 23 0.003831
5 33 0.03627
10 29 0.8942
14 26 0.9754
6 30 0.002982
15 22 0.003928
7 18 0.004126
5 32 0.01122
4 32 0.003886
5 20 0.001888
17 21 0.002035
15 26 0.01474
5 31 0.003978
7 30 0.01674
13 27 0.9804
4 33 0.01107
4 34 0.02158
9 16 0.00391
8 17 0.004118
8 29 0.01744
8 31 0.7384
9 28 0.01029
9 30 0.9029
18 23 0.8271
16 22 0.002327
10 27 0.00574
12 28 0.9828

#END
