#PP 2.0

DQ025752.1/63481-63448_Bacillus_thuringiensis_serovar_kurstaki_plasmid_pAW63,_complete_sequence. AAAUUGGUGUAGCCUUACCGUAGUAGGCGCUAAA

#END

#SECTION BASEPAIRS

#BPCUT 0.001

23 30 0.003376
22 31 0.003338
21 32 0.002966
17 24 0.8878
24 29 0.003104
16 25 0.7616
15 25 0.1769
14 26 0.3047
13 29 0.5962
15 22 0.04202
13 23 0.007228
7 18 0.004141
14 23 0.04164
6 19 0.004134
5 33 0.002052
10 29 0.01111
12 30 0.5963
5 32 0.3598
4 9 0.001218
5 20 0.00203
17 21 0.001257
15 26 0.6368
13 27 0.3036
7 30 0.3738
4 33 0.2729
14 27 0.6254
6 31 0.3727
4 34 0.001496
9 16 0.003924
8 17 0.004133
8 29 0.3698
9 28 0.116
9 30 0.01246
11 31 0.5893
18 23 0.886
16 22 0.001392
10 27 0.06475
12 24 0.008714
10 32 0.5251
12 28 0.2825

#END
