#PP 2.0

Eubacterium_yurii_subsp._margaretiae_ATCC_43715 AAGAGUAGGAGAACCCGAGCCUUAUAAGUGGGAGUUAA

#END

#SECTION BASEPAIRS

#BPCUT 0.001

27 35 0.003699
26 36 0.00378
25 37 0.00337
23 32 0.006908
21 34 0.006263
20 34 0.1011
22 30 0.09982
20 31 0.06254
21 32 0.1151
19 35 0.1007
18 36 0.08437
8 22 0.006446
24 29 0.07812
8 21 0.004662
22 27 0.08208
6 19 0.1345
7 36 0.007381
9 35 0.002517
15 32 0.1307
23 30 0.1063
21 31 0.1026
7 22 0.003322
17 29 0.2606
6 37 0.00672
10 35 0.0203
6 24 0.008267
6 13 0.005152
13 35 0.132
5 25 0.007881
20 28 0.1199
2 23 0.001288
16 30 0.412
21 30 0.06419
19 29 0.1118
7 23 0.007394
3 21 0.1306
22 28 0.001382
2 22 0.1275
16 31 0.1296
5 14 0.005292
1 23 0.1035
3 22 0.001285
5 21 0.008498
8 15 0.06374
21 28 0.09108
3 23 0.009285
5 20 0.1365
22 31 0.1148
8 16 0.2981
4 22 0.009957
8 35 0.007069
14 32 0.4075
8 36 0.00216
9 14 0.06363
12 36 0.1185
9 15 0.2973
23 27 0.001153
9 20 0.004657
9 21 0.006417
9 36 0.01971
10 36 0.01782
11 35 0.01903
11 36 0.01108
12 35 0.01081
14 34 0.1306
15 31 0.4124
17 36 0.01312
22 33 0.00696
20 32 0.1013
18 35 0.01417

#END
