#PP 2.0

Eubacterium_rectale_DSM_17629 AAUAUUCGGAGAGUCACUACCGUUAAGUGUGAGAUGAA

#END

#SECTION BASEPAIRS

#BPCUT 0.001

24 33 0.001527
22 35 0.001454
21 36 0.001359
19 24 0.006693
18 32 0.00137
18 26 0.1436
18 25 0.004497
7 11 0.0078
6 33 0.001929
14 37 0.001796
6 26 0.07004
5 38 0.4291
5 34 0.002145
5 27 0.07743
5 13 0.006031
8 35 0.7419
14 32 0.7093
3 25 0.003152
13 30 0.03508
15 31 0.7279
4 28 0.07948
2 30 0.07547
6 37 0.7388
6 12 0.007745
3 27 0.002315
15 29 0.1514
2 28 0.002372
3 29 0.07884
7 31 0.002007
6 32 0.001894
4 14 0.003651
15 36 0.0021
6 25 0.001055
4 24 0.003436
8 30 0.00184
3 36 0.00159
6 34 0.002324
4 35 0.002276
19 28 0.5208
7 22 0.1114
17 29 0.7039
7 33 0.002734
7 36 0.7713
20 27 0.5373
8 21 0.114
9 20 0.1138
20 29 0.001793
10 18 0.09338
11 17 0.09338
18 29 0.02341
12 18 0.01177
16 28 0.1521
19 30 0.001741
13 17 0.01138
16 30 0.7273
16 35 0.002067
17 27 0.1523
23 34 0.001533
17 33 0.001874

#END
