#PP 2.0

Fusobacterium_sp._4_1_13 AUUCAGGUGUUCCACCACCUCAAAAUGAAGCAGUUUUAA

#END

#SECTION BASEPAIRS

#BPCUT 0.001

29 36 0.004571
29 35 0.0607
29 34 0.01357
9 16 0.9321
30 35 0.00263
26 33 0.3392
9 15 0.007541
9 13 0.04866
8 17 0.9476
8 14 0.05024
7 18 0.9482
21 27 0.0315
6 19 0.9477
6 16 0.05024
5 26 0.03936
2 24 0.005791
4 27 0.07553
2 23 0.1015
20 28 0.01947
7 15 0.05035
2 25 0.02574
23 36 0.3295
25 35 0.004083
3 28 0.07353
1 26 0.02258
2 29 0.0556
10 14 0.01218
5 20 0.8068
3 23 0.006562
22 37 0.2727
24 34 0.002741
3 22 0.1245
19 30 0.001549
22 36 0.003089
24 35 0.3461
3 24 0.02565
20 29 0.001
23 37 0.004037
25 34 0.3493
22 26 0.02073
23 35 0.003801
27 37 0.06478
24 36 0.004427
30 34 0.02806
26 32 0.01097
28 35 0.0144
26 38 0.054
28 37 0.004373
27 31 0.01318
28 36 0.06534
27 36 0.01222

#END
