#PP 2.0

Fusobacterium_sp._D12 AAUUCAGGUGUUCCACCACCUUAAAAUGAAGCAGUUAUA

#END

#SECTION BASEPAIRS

#BPCUT 0.001

29 36 0.007096
28 36 0.0713
9 15 0.04284
8 19 0.9552
22 28 0.001405
7 20 0.9547
24 35 0.003703
7 17 0.04284
6 21 0.8128
22 29 0.005056
29 35 0.06434
23 38 0.0051
5 28 0.1189
4 29 0.1158
4 25 0.06551
3 24 0.1541
1 36 0.001565
8 16 0.04293
10 17 0.939
3 30 0.08726
2 27 0.06389
4 24 0.01013
2 35 0.001906
11 15 0.01227
3 25 0.008839
6 27 0.06183
27 34 0.05275
23 36 0.004379
25 35 0.001824
3 34 0.001632
3 26 0.06749
7 35 0.001019
6 22 0.002433
4 23 0.1834
10 16 0.007598
20 31 0.004962
27 33 0.01057
9 18 0.9546
28 32 0.01187
22 37 0.004038
26 35 0.05375
9 33 0.001145
10 14 0.0415
10 32 0.001168
11 31 0.001129
21 30 0.005255
30 35 0.007638
22 39 0.003986
23 27 0.001054
24 36 0.002283
27 37 0.07063
25 36 0.04715
26 38 0.0651

#END
