#PP 2.0

Fusobacterium_ulcerans_ATCC_49185 AAAAGCGGUGUACCCUACCAUCAAGUGGGAGUUAA

#END

#SECTION BASEPAIRS

#BPCUT 0.001

21 25 0.0231
19 27 0.02769
17 26 0.9598
16 27 0.9446
15 31 0.01123
15 27 0.02173
14 29 0.9417
14 28 0.02211
7 19 0.002787
6 31 0.00349
20 26 0.02695
18 25 0.9559
11 34 0.02717
6 10 0.01779
8 13 0.01948
5 32 0.00347
4 16 0.009322
4 33 0.002927
5 11 0.0172
18 28 0.0275
10 16 0.00248
7 14 0.01852
5 15 0.01003
8 14 0.002429
9 17 0.002778
16 30 0.006829
8 18 0.002794
9 34 0.07662
7 15 0.002426
10 33 0.08483
12 32 0.5235
12 33 0.01684
15 28 0.9451
13 29 0.02227
13 31 0.613

#END
