#PP 2.0

Fusobacterium_sp._3_1_5R AUUCAGGUGUUCCACCACCUUUAAAUGAAGCAGUUAUAA

#END

#SECTION BASEPAIRS

#BPCUT 0.001

27 31 0.02085
26 36 0.06674
28 34 0.06082
26 33 0.05389
25 37 0.06114
9 16 0.9058
21 30 0.001077
9 15 0.007331
9 13 0.07328
6 34 0.001275
8 17 0.9209
29 34 0.007215
21 38 0.00143
7 18 0.9214
21 27 0.001417
8 14 0.07567
6 19 0.9206
22 27 0.02719
6 16 0.07568
17 34 0.003649
8 32 0.001432
7 15 0.07583
5 26 0.07671
11 29 0.001182
2 29 0.1086
3 23 0.01248
5 20 0.7544
21 28 0.03074
24 34 0.01192
2 24 0.0106
4 27 0.1475
2 25 0.04655
3 28 0.1437
13 27 0.001161
1 26 0.04104
3 24 0.04678
5 21 0.002276
19 30 0.02733
21 29 0.001812
22 36 0.01607
24 35 0.04788
9 31 0.001461
10 14 0.01184
10 30 0.001409
18 33 0.004086
20 29 0.02913
22 28 0.001967
27 35 0.06741
25 34 0.0545
23 37 0.008655
21 39 0.004942
22 29 0.001386
28 35 0.006706
26 32 0.01968
22 38 0.008988
23 35 0.01729

#END
