#PP 2.0

Haemophilus_parasuis AUUUGGUGUAGGCUACCGUAUAGUGCCGCUUA

#END

#SECTION BASEPAIRS

#BPCUT 0.001

23 29 0.006803
20 24 0.003169
18 29 0.001954
13 23 0.166
7 12 0.003115
6 30 0.02824
10 24 0.001414
6 26 0.1507
8 29 0.2638
18 26 0.00455
6 16 0.04856
5 31 0.03213
9 25 0.005181
5 30 0.2108
6 13 0.003186
5 27 0.1506
13 28 0.02943
5 24 0.0018
7 25 0.1459
2 8 0.001521
19 28 0.001938
7 22 0.005276
1 21 0.009593
24 28 0.005957
4 18 0.02665
10 21 0.04533
22 30 0.005784
12 19 0.05961
2 20 0.01072
1 9 0.001413
4 15 0.002521
9 32 0.02087
14 25 0.03561
12 24 0.1614
6 29 0.2478
4 28 0.08141
8 26 0.002836
4 32 0.0228
7 15 0.04824
5 14 0.003114
5 17 0.04852
9 23 0.002037
15 24 0.4915
13 25 0.638
7 28 0.2457
7 32 0.003963
8 14 0.04305
14 22 0.1663
8 21 0.02079
12 26 0.6562
8 24 0.03608
16 23 0.5064
8 27 0.1129
12 29 0.02958
8 31 0.005404
19 25 0.004557
9 20 0.02202
15 21 0.1511
9 22 0.0452
9 28 0.2316
10 19 0.02065
12 16 0.0194
10 31 0.02754
13 18 0.06498
11 17 0.01999
11 27 0.642
11 30 0.02927

#END
