#PP 2.0

Haemophilus_parasuis_SH0165 AUAUGUGGUGAACGCUACCAUUAAAGUGCGAUGU

#END

#SECTION BASEPAIRS

#BPCUT 0.001

29 33 0.005652
28 34 0.004868
23 32 0.001242
22 33 0.00101
20 32 0.04517
19 33 0.04454
18 26 0.01339
15 26 0.01276
14 29 0.02315
21 26 0.00874
5 18 0.1101
7 19 0.8276
9 20 0.004142
5 15 0.01131
22 30 0.04291
4 23 0.02184
10 16 0.7577
4 26 0.02758
3 34 0.00358
2 26 0.01409
4 20 0.0138
2 23 0.06025
8 18 0.8277
10 19 0.004147
3 32 0.01047
15 28 0.02266
1 27 0.01383
1 34 0.007883
5 32 0.005441
8 15 0.1185
5 21 0.7085
3 22 0.05874
4 33 0.004248
3 27 0.02764
13 28 0.009896
5 19 0.007316
3 16 0.001021
4 31 0.009926
2 28 0.02179
5 22 0.01329
3 21 0.01156
2 33 0.01001
5 29 0.001797
6 14 0.01133
6 17 0.1181
6 20 0.8018
6 23 0.003223
6 28 0.001234
14 27 0.01264
6 31 0.005544
7 13 0.01142
17 27 0.01296
7 16 0.1185
21 31 0.04507
19 28 0.00977
7 22 0.003873
9 17 0.8235
20 27 0.009761
16 25 0.01259
8 21 0.004117
8 29 0.005513
9 14 0.109
9 28 0.003438
13 30 0.02188

#END
