#PP 2.0

Lactobacillus_jensenii_208-1 AAAGAGGAGUGUAUCUCAGCUCUAAGUGAGAAUUA

#END

#SECTION BASEPAIRS

#BPCUT 0.001

29 33 0.001246
28 34 0.001656
26 33 0.04127
27 35 0.001114
25 34 0.0338
27 32 0.04148
25 33 0.002012
24 34 0.001884
21 25 0.07352
20 26 0.0902
7 14 0.05373
10 32 0.01437
12 35 0.002093
22 30 0.007345
6 22 0.001266
16 29 0.3305
22 28 0.1726
6 20 0.1669
10 18 0.02548
8 14 0.01178
21 31 0.00555
7 22 0.2902
5 23 0.001855
4 15 0.00543
11 33 0.0145
13 34 0.002394
7 17 0.2304
5 16 0.1228
19 27 0.03159
3 21 0.01964
11 17 0.03769
17 28 0.3303
23 29 0.007049
3 23 0.1592
3 16 0.004782
6 16 0.004375
4 17 0.1232
4 20 0.02411
10 19 0.2672
20 30 0.1698
8 16 0.2329
6 23 0.2693
4 22 0.1711
7 15 0.009016
5 14 0.005445
6 15 0.1198
21 29 0.1719
5 21 0.1709
8 21 0.2909
8 34 0.0122
10 35 0.002345
12 32 0.01601
9 15 0.2325
9 20 0.2911
9 33 0.01442
11 34 0.002789
13 33 0.004308
14 31 0.2903
14 32 0.002573
15 30 0.3303
18 27 0.2964
18 34 0.001046

#END
