#PP 2.0

Lactobacillus_kefiranofaciens_ZW3 UAUAGAGGCCACAGAGCCUAUCAAAACUGUUUUA

#END

#SECTION BASEPAIRS

#BPCUT 0.001

26 31 0.006297
25 31 0.01583
25 30 0.004424
25 33 0.001298
6 21 0.02529
22 29 0.02353
24 32 0.01616
5 22 0.04309
9 16 0.9938
4 28 0.1214
4 19 0.003769
3 29 0.1181
5 27 0.1215
23 32 0.005051
2 21 0.007891
20 30 0.001029
2 30 0.1053
26 30 0.009301
24 31 0.00606
23 33 0.01364
6 19 0.9135
11 30 0.001149
26 32 0.001204
24 33 0.008687
3 20 0.008563
7 18 0.9964
25 32 0.009284
8 17 0.9978
12 29 0.001313
13 28 0.001325
14 27 0.001306
23 28 0.01946

#END
