#PP 2.0

Lactobacillus_gasseri_JV-V03 AAAGACGGUGUUUCCCAGCCACAAGUGAGAAUCGAAU

#END

#SECTION BASEPAIRS

#BPCUT 0.001

28 32 0.03274
26 36 0.001024
26 34 0.02402
27 33 0.0432
25 32 0.005917
17 26 0.3108
14 27 0.2187
13 27 0.006726
9 21 0.04324
26 31 0.006353
8 22 0.04317
9 18 0.3441
8 15 0.008615
7 33 0.4235
5 32 0.001699
7 16 0.008699
9 23 0.001409
5 11 0.002186
8 37 0.001154
6 34 0.4082
14 29 0.3121
6 25 0.03888
12 28 0.009089
4 12 0.001916
7 20 0.3564
11 18 0.01869
13 17 0.003915
4 33 0.001806
8 19 0.3571
12 17 0.01188
3 13 0.001071
7 15 0.009103
8 32 0.4169
10 33 0.1121
13 30 0.3089
5 26 0.03678
11 29 0.006137
6 10 0.002183
9 36 0.001192
9 17 0.01143
8 14 0.009146
13 29 0.002304
9 31 0.3595
11 30 0.182
9 34 0.06623
10 16 0.01736
10 19 0.01033
20 27 0.001706
10 20 0.03432
18 26 0.1351
16 27 0.3146
10 22 0.001575
10 32 0.003102
21 26 0.001334
19 25 0.1503
11 21 0.001428
11 28 0.001149
13 28 0.2224
11 31 0.003683
12 18 0.005685
12 27 0.001127
12 29 0.2166
12 30 0.003936
12 31 0.1719

#END
