#PP 2.0

Leptotrichia_goodfellowii_F0264 AUUCGGGUGUUCCACCACCUUUAAGUGAAGGGACUAUAA

#END

#SECTION BASEPAIRS

#BPCUT 0.001

26 33 0.03057
24 35 0.02865
25 34 0.03094
23 37 0.004111
22 38 0.004081
21 39 0.002217
20 30 0.02812
8 14 0.195
7 34 0.003808
7 15 0.195
10 33 0.7465
7 11 0.001068
1 8 0.001385
6 35 0.004652
8 36 0.1502
3 38 0.001714
9 35 0.008112
22 27 0.1537
6 19 0.03631
18 25 0.7427
6 16 0.194
16 27 0.7504
6 15 0.01065
6 13 0.001765
11 32 0.7484
3 33 0.003677
7 18 0.03637
18 32 0.0283
2 7 0.001345
21 28 0.1753
5 20 0.0316
19 31 0.0284
4 32 0.004283
6 12 0.002545
7 37 0.1499
9 34 0.7363
7 12 0.001785
5 13 0.002548
5 16 0.01113
17 26 0.7514
2 39 0.001156
12 32 0.002279
8 17 0.03638
8 33 0.002604
9 13 0.1888
9 16 0.03579
11 33 0.002046
12 31 0.7505
13 30 0.7499
13 31 0.002223
18 31 0.1791
19 25 0.005216
21 29 0.02757
19 30 0.1801
20 24 0.008346
22 28 0.02542
20 29 0.1797

#END
