#PP 2.0

Pectobacterium_atrosepticum_SCRI1039 AUUCAGGUGAUUUGCUACCUUUAAGUGCAGCUAGAA

#END

#SECTION BASEPAIRS

#BPCUT 0.001

25 31 0.1356
24 32 0.12
23 32 0.01622
22 35 0.002325
22 33 0.02403
21 36 0.001308
21 35 0.03334
21 34 0.02046
20 36 0.003822
22 34 0.0348
20 35 0.01057
20 24 0.004891
19 25 0.00514
17 26 0.1215
26 30 0.1187
16 27 0.008669
7 31 0.1111
11 25 0.3642
15 27 0.1594
7 18 0.394
13 23 0.3579
6 32 0.095
3 10 0.005463
6 31 0.4313
13 33 0.001287
18 25 0.1245
6 19 0.3937
16 24 0.04326
4 34 0.4729
8 29 0.4224
2 24 0.003728
1 26 0.01637
5 32 0.4233
3 35 0.4551
4 9 0.006249
5 20 0.3339
3 23 0.004645
2 35 0.01506
2 36 0.2644
3 24 0.01712
15 30 0.005034
16 29 0.003852
8 17 0.3929
3 33 0.001671
2 25 0.01764
12 30 0.04878
14 31 0.004977
3 34 0.01624
8 30 0.09956
9 16 0.3507
9 28 0.4217
10 26 0.3623
12 25 0.01111
16 23 0.002091
11 35 0.001299
12 24 0.3623
12 34 0.001483
17 22 0.00281
13 24 0.01172
15 25 0.04589
13 27 0.02888
13 29 0.1572
14 22 0.3198
14 26 0.04371
14 28 0.1635

#END
