#PP 2.0

Peptoniphilus_duerdenii_ATCC_BAA-1640 AAAAGCGGUGUACGCAGCCAUAAAAUGCGAACUAA

#END

#SECTION BASEPAIRS

#BPCUT 0.001

21 25 0.01949
20 26 0.02444
19 27 0.01572
17 28 0.1526
15 27 0.717
18 27 0.1432
16 26 0.6901
6 17 0.001246
6 27 0.001956
6 14 0.2729
8 32 0.1873
7 13 0.2724
6 10 0.001604
5 11 0.00155
7 19 0.006826
5 18 0.001249
5 28 0.001953
7 26 0.001104
5 15 0.2723
10 32 0.4494
7 33 0.1703
8 15 0.001054
8 18 0.006853
9 17 0.006163
9 31 0.1833
13 29 0.7083
9 34 0.007367
14 28 0.717
11 31 0.44

#END
