#PP 2.0

CP024122.1:c6886-6852 AAAAUUGGUGUAGCCUUACCGUAGUAGGCACAAAA

#END

#SECTION BASEPAIRS

#BPCUT 0.0005

17 26 0.41
16 26 0.57
11 28 5.55e-3
16 27 0.0145
10 29 0.0099
11 30 0.896
6 32 3.83e-3
10 31 0.905
6 33 0.0108
6 34 0.0348
9 18 4.23e-3
6 35 0.0365
8 19 4.24e-3
15 24 3.66e-3
14 24 6.85e-4
20 24 1.83e-3
15 27 0.976
15 28 8.63e-3
14 28 0.981
9 30 0.0168
8 31 0.0161
5 33 3.74e-3
5 34 0.0106
5 35 0.0207
7 20 4.23e-3
6 21 2.03e-3
18 22 2.03e-3
4 11 7.54e-4
13 25 0.0008
19 24 0.82
18 25 0.809
13 29 0.983
7 31 2.88e-3
9 32 0.745
9 33 2.05e-3
10 17 4.01e-3
5 10 7.67e-4
17 23 0.0023
16 23 3.76e-3
17 24 7.14e-3

#END
