#PP 2.0

toxin              AAAUUGGUGUAGCCUUACCGUAGUAGGCACAAAA

#END

#SECTION BASEPAIRS

#BPCUT 0.0005

10 29 0.896
5 31 3.84e-3
4 32 3.74e-3
9 16 3.94e-3
4 33 0.0106
8 17 4.15e-3
4 34 0.0207
15 22 3.76e-3
3 10 7.55e-4
14 23 3.66e-3
15 25 0.57
15 26 0.0145
14 26 0.976
9 28 9.91e-3
14 27 8.63e-3
8 29 0.0168
9 30 0.905
8 31 0.745
5 32 0.0108
8 32 2.05e-3
5 33 0.0348
5 34 0.0365
7 18 4.16e-3
6 19 4.16e-3
4 9 7.67e-4
13 23 6.85e-4
12 24 8.01e-4
19 23 1.83e-3
18 23 0.82
13 27 0.981
12 28 0.983
6 30 2.88e-3
7 30 0.0161
5 20 1.96e-3
17 21 2.03e-3
16 22 0.0023
16 23 7.14e-3
17 24 0.809
16 25 0.41
10 27 5.55e-3

#END
