#PP 2.0

Bacillus_cereus_Rock_1-15 AAAUUUGGAGAGUCCAUGCCGUAAGUUGGGACCGAU

#END

#SECTION BASEPAIRS

#BPCUT 0.0005

6 34 0.155
6 35 7.69e-3
4 35 4.41e-3
6 10 6.52e-4
6 11 1.18e-3
6 16 0.0641
7 33 0.166
5 34 3.51e-3
5 35 0.133
7 36 0.01
19 25 0.793
18 26 0.799
18 27 0.0107
19 29 0.0598
19 30 0.0301
13 30 0.0288
13 31 0.869
12 32 0.771
7 15 0.0787
26 35 0.0018
12 33 1.83e-3
14 34 8.72e-3
12 36 7.26e-3
8 14 0.0787
27 34 1.86e-3
25 36 1.54e-3
13 35 0.0085
3 36 4.25e-3
20 25 0.0594
21 27 0.0544
20 28 0.0621
20 29 0.0302
15 28 0.0434
14 29 0.0395
15 29 0.86
14 30 0.867
9 13 0.0596
8 32 0.13
10 33 0.338
8 33 0.0129
8 36 4.82e-3
4 11 9.68e-4
4 18 2.02e-3
9 36 2.13e-3
17 24 6.62e-4
17 25 2.99e-3
16 26 2.23e-3
16 27 0.0429
5 10 9.67e-4
17 28 7.54e-3
5 11 7.26e-4
28 33 1.86e-3
17 31 0.0333
18 32 5.41e-3
18 33 7.59e-4

#END
