#PP 2.0

Bryantella_formatexigens_DSM_14469 AAGCGGUGAGUCCUACUGUAAGUGGAACCGAUAA

#END

#SECTION BASEPAIRS

#BPCUT 0.0005

10 28 9.63e-3
4 30 0.955
8 14 5.78e-3
3 32 0.0295
1 32 1.16e-3
6 32 4.27e-3
3 19 6.48e-3
14 21 4.43e-3
14 22 1.12e-3
15 23 0.851
14 24 0.0899
8 29 4.67e-3
6 16 6.79e-3
13 22 4.45e-3
13 24 0.896
12 24 2.48e-3
13 25 0.0703
12 25 0.915
7 27 0.961
6 28 0.981
7 30 0.0026
2 32 0.0355
7 15 6.74e-3
7 31 4.45e-3
5 17 6.78e-3
4 18 6.79e-3
17 21 0.715
17 22 5.83e-4
16 22 0.88
11 24 5.61e-4
11 25 1.95e-3
11 26 0.92
11 27 9.53e-3
5 29 0.981

#END
