#PP 2.0

Clostridium_phage_D-1873 AAAGUCAGUGAGCCUCCACUGUAUAAGCGAGGAGCUAA

#END

#SECTION BASEPAIRS

#BPCUT 0.0005

4 35 8.15e-4
12 16 0.0334
5 34 7.63e-4
7 36 7.28e-3
7 20 0.9
6 21 0.894
19 27 0.0433
1 24 7.69e-4
19 29 0.0107
14 32 2.39e-3
26 36 0.821
14 34 0.0341
24 37 8.57e-3
12 35 0.067
24 38 5.15e-3
13 32 0.029
15 32 8.25e-4
27 35 0.888
15 33 0.0656
25 36 5.49e-3
13 34 0.0353
9 18 0.901
8 19 0.901
3 36 7.65e-4
2 22 0.0006
3 22 0.0012
20 26 0.0432
2 24 3.15e-3
3 24 0.273
21 28 0.042
20 29 0.0269
15 30 0.0294
14 31 0.0294
15 31 2.16e-3
8 35 7.99e-3
10 35 0.0182
10 36 5.44e-4
10 16 0.0046
10 17 0.893
9 34 7.59e-3
11 36 0.0625
9 37 1.38e-3
9 38 7.78e-4
4 22 0.0307
5 23 0.245
22 27 0.0396
4 24 0.239
17 27 3.69e-3
5 27 5.39e-4
16 29 0.0262
17 29 6.34e-3
4 28 5.45e-4
16 31 1.03e-3
17 31 0.0655
28 34 0.888
16 32 0.0658
11 15 6.93e-3

#END
