#PP 2.0

Eubacterium_rectale_DSM_17629 AAUAUUCGGAGAGUCACUACCGUUAAGUGUGAGAUGAA

#END

#SECTION BASEPAIRS

#BPCUT 0.0005

16 35 7.17e-3
6 33 1.96e-3
6 34 3.14e-3
4 35 0.0024
6 37 0.724
6 12 7.99e-3
17 33 6.31e-3
13 17 0.0109
12 18 0.0113
5 33 1.43e-3
7 33 3.57e-3
5 34 2.22e-3
13 20 1.35e-3
7 36 0.756
5 37 7.04e-4
19 24 6.37e-3
5 38 0.421
7 22 0.108
18 25 4.28e-3
18 26 0.137
18 27 5.03e-3
6 25 1.02e-3
19 28 0.503
6 26 0.0669
18 29 0.0231
7 11 8.06e-3
24 31 0.0005
19 30 7.92e-3
18 31 4.13e-3
13 30 0.0328
12 30 7.44e-4
7 13 1.27e-3
1 28 5.87e-4
24 33 1.58e-3
14 32 0.711
7 31 2.92e-3
14 34 2.09e-3
12 35 2.55e-3
14 37 6.21e-3
2 35 5.53e-4
15 33 2.04e-3
14 19 1.11e-3
13 35 0.0019
15 36 7.26e-3
3 34 5.62e-4
9 20 0.11
8 21 0.11
3 36 1.67e-3
3 37 7.85e-4
9 23 5.89e-4
8 24 5.06e-4
9 24 6.56e-4
21 27 0.0373
20 27 0.513
3 25 3.02e-3
21 29 6.37e-4
20 29 8.22e-3
15 29 0.144
3 27 2.47e-3
2 28 2.53e-3
15 31 0.73
14 31 7.45e-4
8 30 2.72e-3
3 29 0.0754
2 30 0.0721
22 35 1.51e-3
8 35 0.723
10 35 6.19e-3
4 14 3.75e-3
23 34 1.59e-3
11 17 0.089
21 36 1.42e-3
11 18 1.34e-3
10 18 0.089
11 35 5.04e-3
9 35 0.0012
17 22 7.57e-4
11 21 7.88e-4
16 23 7.10e-4
10 23 6.67e-4
4 24 0.0033
17 27 0.145
5 25 7.04e-4
16 28 0.145
5 26 8.81e-4
17 29 0.707
5 27 0.074
10 28 9.27e-4
16 30 0.729
4 28 0.076
17 31 9.37e-4
5 13 6.21e-3
18 32 4.27e-3
6 32 2.75e-3

#END
