#PP 2.0

Fusobacterium_sp._4_1_13 AUUCAGGUGUUCCACCACCUCAAAAUGAAGCAGUUUUAA

#END

#SECTION BASEPAIRS

#BPCUT 0.0005

28 37 4.39e-3
6 34 5.75e-4
6 13 5.17e-4
29 34 0.0136
29 35 0.0603
19 33 5.24e-4
29 36 4.61e-3
17 34 5.10e-4
6 16 0.0538
29 37 5.34e-4
7 18 0.944
6 19 0.944
13 27 5.04e-4
1 26 0.0224
18 30 0.0023
19 30 1.54e-3
7 12 5.16e-4
26 32 0.011
26 33 0.338
24 34 2.75e-3
7 15 0.0539
24 35 0.345
24 36 4.43e-3
24 37 1.03e-3
26 38 0.0536
8 14 0.0538
25 34 0.348
27 35 7.92e-4
25 35 4.08e-3
9 16 0.928
27 36 0.0123
25 36 1.03e-3
8 17 0.944
27 37 0.0643
2 22 1.34e-3
3 22 0.124
2 23 0.101
3 23 6.51e-3
21 27 0.0336
2 24 5.75e-3
3 24 0.0254
20 28 0.0216
2 25 0.0255
20 29 9.99e-4
27 31 0.0132
21 30 1.68e-3
9 13 0.0521
3 28 0.0729
20 32 5.27e-4
2 29 0.0551
9 15 7.52e-3
9 31 6.84e-4
8 32 6.68e-4
22 36 3.11e-3
22 37 0.272
20 38 1.22e-3
20 39 8.50e-4
10 14 0.0121
23 35 3.82e-3
23 36 0.328
23 37 4.03e-3
5 20 0.803
22 26 0.0221
5 26 0.0391
4 27 0.0749
11 29 5.62e-4
10 30 6.62e-4
30 34 0.0279
28 34 8.47e-4
30 35 2.65e-3
28 35 0.0145
18 33 5.67e-4
28 36 0.0649

#END
