#PP 2.0

Fusobacterium_sp._D12 AAUUCAGGUGUUCCACCACCUUAAAAUGAAGCAGUUAUA

#END

#SECTION BASEPAIRS

#BPCUT 0.0005

18 35 7.14e-4
4 33 2.07e-3
30 38 7.03e-4
6 36 8.19e-4
29 35 0.064
29 36 7.07e-3
19 34 8.01e-4
7 17 0.0434
7 35 1.04e-3
7 20 0.954
6 21 0.813
6 22 2.43e-3
1 22 5.03e-4
6 27 0.0611
1 27 0.0011
12 30 9.73e-4
26 35 0.0537
24 35 3.66e-3
24 36 2.27e-3
26 38 0.0647
2 35 3.16e-3
27 33 0.0105
27 34 0.0527
25 35 1.82e-3
8 16 0.0435
25 36 0.0471
27 37 0.0703
9 18 0.954
8 19 0.954
3 34 2.91e-3
1 36 2.59e-3
2 22 1.14e-3
3 23 5.25e-3
3 24 0.153
20 28 5.53e-4
15 27 7.80e-4
3 25 9.04e-3
21 29 9.26e-4
14 28 9.52e-4
3 26 0.0668
21 30 5.23e-3
2 27 0.0632
20 31 4.92e-3
9 15 0.0434
3 30 0.0862
10 32 0.0012
22 37 3.98e-3
22 39 3.93e-3
10 14 0.0421
10 16 0.0076
9 33 1.18e-3
10 17 0.938
33 38 1.09e-3
23 36 4.32e-3
23 38 5.03e-3
4 23 0.182
23 27 1.12e-3
4 24 0.0103
4 25 0.0648
22 28 1.49e-3
22 29 5.03e-3
28 32 0.0118
5 28 0.118
4 29 0.114
11 15 0.0123
11 31 1.16e-3
30 35 7.61e-3
5 31 1.47e-3
30 36 7.62e-4
28 36 0.071

#END
