#PP 2.0

Haemophilus_parasuis_SH0165 AUAUGUGGUGAACGCUACCAUUAAAGUGCGAUGU

#END

#SECTION BASEPAIRS

#BPCUT 0.0005

4 33 4.01e-3
6 12 9.91e-4
29 33 5.63e-3
6 14 0.0116
19 33 0.0416
5 32 5.12e-3
7 16 0.113
6 17 0.112
7 19 0.832
6 20 0.806
7 22 3.79e-3
6 23 3.14e-3
1 22 1.67e-3
19 26 1.49e-3
18 26 0.0139
13 26 8.64e-4
19 28 0.0102
12 27 7.55e-4
13 28 9.34e-3
18 30 1.04e-3
6 28 1.39e-3
1 27 0.0146
26 32 6.92e-4
13 30 0.0238
7 13 0.0117
12 32 7.13e-4
6 31 5.21e-3
2 33 9.93e-3
25 32 2.46e-3
8 15 0.113
9 17 0.826
3 32 0.0104
3 16 1.04e-3
1 32 7.98e-4
8 18 0.832
2 17 9.31e-4
3 34 3.38e-3
1 34 7.82e-3
9 20 4.06e-3
8 21 4.04e-3
3 21 0.0111
3 22 0.0581
21 26 9.13e-3
2 23 0.0594
20 27 0.0102
15 26 0.012
2 24 0.0046
14 27 0.0119
2 25 3.55e-3
15 28 0.0245
2 26 0.0149
27 31 6.67e-4
14 29 0.025
9 28 3.24e-3
3 27 0.0272
21 31 0.0421
8 29 5.18e-3
2 28 0.0215
20 32 0.0422
9 14 0.104
22 33 9.92e-4
2 31 8.44e-4
23 32 1.22e-3
10 15 0.0404
11 32 0.0016
11 16 3.12e-3
10 16 0.722
10 19 4.07e-3
5 18 0.105
5 19 7.02e-3
4 20 0.0132
5 21 0.712
5 22 0.0138
16 25 0.0119
4 23 0.0227
23 27 5.69e-4
4 24 3.36e-3
22 28 5.95e-4
17 27 0.0136
4 25 1.35e-3
16 28 9.28e-4
4 26 0.0271
22 30 0.0401
5 13 9.65e-4
5 29 1.94e-3
28 34 4.85e-3
4 30 8.34e-4
4 31 9.82e-3
5 15 0.0116

#END
