#PP 2.0

Lactobacillus_gasseri_JV-V03 AAAGACGGUGUUUCCCAGCCACAAGUGAGAAUCGAAU

#END

#SECTION BASEPAIRS

#BPCUT 0.0005

4 33 1.05e-3
6 34 0.67
4 37 6.84e-4
6 10 1.23e-3
29 33 5.04e-4
13 17 1.87e-3
12 17 0.0065
7 16 6.64e-3
5 32 9.73e-4
12 18 2.71e-3
7 33 0.695
6 18 6.92e-4
7 19 2.03e-3
18 22 0.0119
7 20 0.178
5 37 5.08e-4
7 22 1.06e-3
19 25 0.0747
18 26 0.0676
6 25 0.0187
13 27 7.33e-3
12 27 1.47e-3
13 28 0.595
12 28 9.62e-3
13 29 0.0018
12 29 0.574
13 30 0.154
12 30 2.86e-3
12 31 0.0854
26 34 0.012
7 15 4.87e-3
26 35 5.04e-4
26 36 7.18e-4
25 32 3.01e-3
27 33 0.0216
25 33 1.45e-3
8 14 4.91e-3
8 15 6.58e-3
9 17 7.71e-3
25 37 6.37e-4
9 18 0.171
8 19 0.178
9 21 0.0209
8 22 0.0209
3 37 0.0185
20 25 2.69e-3
9 23 8.02e-4
21 26 1.07e-3
15 25 0.063
14 25 1.19e-3
20 27 1.44e-3
15 27 6.29e-3
14 27 0.592
26 31 3.39e-3
15 29 1.58e-3
14 29 0.155
9 30 5.56e-4
3 13 6.24e-4
9 31 0.648
8 32 0.689
10 32 2.25e-3
8 33 9.02e-3
10 33 0.0551
8 37 5.78e-4
4 12 1.09e-3
10 14 6.53e-4
10 15 9.05e-4
10 16 0.0106
9 34 0.0325
11 18 0.0102
10 19 0.0063
9 36 5.95e-4
10 20 0.0167
4 19 1.41e-3
11 21 8.53e-4
10 22 9.36e-4
4 22 4.11e-3
16 25 0.433
22 27 0.0013
17 26 0.151
16 27 0.153
22 29 1.69e-3
5 26 0.0176
5 11 1.23e-3
11 28 1.53e-3
28 32 0.0164
11 29 6.79e-3
11 30 0.483
11 31 2.65e-3

#END
