#PP 2.0

Leptotrichia_goodfellowii_F0264 AUUCGGGUGUUCCACCACCUUUAAGUGAAGGGACUAUAA

#END

#SECTION BASEPAIRS

#BPCUT 0.0005

6 35 4.29e-3
6 37 0.0653
6 12 3.07e-3
6 13 0.0027
6 15 0.01
6 16 0.178
5 34 5.68e-4
7 18 0.0348
7 34 3.52e-3
5 35 6.86e-4
6 19 0.0348
7 35 0.0134
5 37 0.0064
7 37 0.136
19 25 5.37e-3
18 25 0.759
1 8 1.26e-3
7 11 1.29e-3
19 30 0.167
7 12 2.72e-3
19 31 0.0261
18 31 0.166
13 30 0.766
26 33 0.0295
13 31 2.38e-3
12 31 0.767
12 32 2.43e-3
7 15 0.179
24 35 0.0277
2 38 5.09e-4
2 7 1.22e-3
2 39 1.45e-3
8 14 0.179
25 34 0.0299
9 16 0.0343
8 17 0.0349
3 33 3.51e-3
20 24 8.56e-3
3 38 2.14e-3
2 23 1.52e-3
3 39 7.62e-4
21 28 0.163
21 29 0.0253
20 29 0.167
20 30 0.0258
9 13 0.173
3 28 7.79e-4
2 29 5.88e-4
8 33 2.41e-3
10 33 0.763
22 36 5.75e-4
22 38 3.76e-3
8 36 0.137
11 32 0.765
11 33 2.17e-3
5 16 0.0105
9 34 0.754
23 37 3.79e-3
9 35 7.58e-3
5 18 7.17e-4
21 39 2.04e-3
5 20 0.0304
22 27 0.142
17 26 0.768
22 28 0.0234
16 27 0.767
4 27 7.99e-4
5 13 3.08e-3
18 32 0.0259
16 32 1.67e-3
5 15 5.85e-4
4 32 4.07e-3

#END
