#PP 2.0

Veillonella_parvula_ACS-068-V-Sch12 AGAGCGGUAAAUCGCCACCAUAAGAGCGAAACAAAA

#END

#SECTION BASEPAIRS

#BPCUT 0.0005

16 26 1.53e-3
5 14 0.341
8 14 0.049
2 16 0.161
16 28 3.49e-3
6 32 8.05e-3
2 18 4.08e-3
8 17 0.0177
2 19 0.023
3 8 0.0007
28 32 7.08e-4
3 12 8.67e-4
15 26 0.586
6 13 0.337
14 27 0.588
21 26 5.55e-4
8 30 9.46e-4
8 31 0.182
6 16 0.0509
7 32 0.184
8 33 1.42e-3
7 18 0.0181
1 21 1.66e-3
6 19 0.0181
1 8 5.05e-4
19 24 0.0464
18 24 0.0158
7 12 0.155
19 26 3.52e-3
18 26 4.61e-3
13 28 0.586
4 15 0.339
12 29 0.533
7 15 0.0509
4 16 9.07e-4
19 28 6.32e-3
18 28 0.0019
12 30 8.94e-4
4 18 0.0305
4 21 1.23e-3
26 32 2.52e-3
24 32 1.53e-3
5 26 0.0047
4 27 4.69e-3
16 24 0.37
2 13 8.07e-4

#END
