#PP 2.0

AAZ06636|Bacillus_thuringiensis_serovar_kurstaki_HD73_pAW63 GUAACCUUACCGUAGUAGGUGCUAAAAAAUUGGU

#END

#SECTION BASEPAIRS

#BPCUT 0.001

25 31 0.00117
26 30 0.001067
24 31 0.6051
16 21 0.02829
13 24 0.02982
12 31 0.003436
11 32 0.003741
11 18 0.1694
6 32 0.03731
5 33 0.03733
15 22 0.03077
5 19 0.7094
7 18 0.09005
4 34 0.0303
9 16 0.6703
21 34 0.5
6 18 0.7059
8 21 0.08492
1 22 0.215
23 32 0.6278
2 21 0.209
14 23 0.03071
6 19 0.08537
3 20 0.1091
8 14 0.001646
10 15 0.6778
4 20 0.5858
10 19 0.1694
25 30 0.4197
22 33 0.6245
7 17 0.4098
8 17 0.3788
9 13 0.001436
9 20 0.1614
9 34 0.002931
10 33 0.003733

#END
