#PP 2.0

FJ176937|Erwinia_carotovora_subsp_atroseptica_1039_pECA1039 AGGUGAUUUGCUACCUUUAAGUGCAGCUAGAAAUUC

#END

#SECTION BASEPAIRS

#BPCUT 0.001

31 35 0.003748
30 36 0.00485
22 33 0.005122
21 27 0.2639
19 28 0.0345
20 28 0.2336
18 31 0.01415
18 29 0.05129
17 33 0.001019
21 34 0.005028
17 32 0.013
20 35 0.003667
18 32 0.001236
16 33 0.005806
16 32 0.0487
16 20 0.007639
13 18 0.001008
14 21 0.1667
12 20 0.01323
11 26 0.02448
15 21 0.008206
11 23 0.2023
5 28 0.001927
4 33 0.008368
12 25 0.01873
4 29 0.001803
4 10 0.002546
4 26 0.05985
3 34 0.00819
13 28 0.02813
5 24 0.09751
3 27 0.06694
4 13 0.6244
5 36 0.003881
2 12 0.002417
9 32 0.001508
1 28 0.08784
7 31 0.005465
2 35 0.005669
3 11 0.002617
13 22 0.1622
11 21 0.01399
1 16 0.4093
9 20 0.002757
5 12 0.5573
2 27 0.09833
8 30 0.006086
2 15 0.6252
2 36 0.001196
8 33 0.002481
10 24 0.2078
2 28 0.06224
5 35 0.02445
12 29 0.02935
4 25 0.09722
3 14 0.6262
6 22 0.08466
6 34 0.02894
6 35 0.003551
17 30 0.0464
7 21 0.08515
15 26 0.0283
7 30 0.001322
9 25 0.1972
7 33 0.02964
8 20 0.08473
22 26 0.231
16 25 0.02765
12 23 0.0105
8 21 0.002614
10 27 0.02426
8 26 0.09179
8 29 0.001542
8 32 0.02908
17 31 0.09371
9 19 0.08369
9 23 0.0082
9 29 0.005267
11 30 0.02926
9 31 0.02759
18 30 0.09364
16 31 0.03129
10 18 0.0748
10 22 0.01339

#END
