#PP 2.0

NP_862552|Lactococcus_lactis_subsp_lactis_W-37_pSRQ900 UAUCCAAGCCAUAGUUGGAAUUGAUAAAAUUGGAG

#END

#SECTION BASEPAIRS

#BPCUT 0.001

23 31 0.004194
22 32 0.002351
21 33 0.00101
25 29 0.003647
17 25 0.003218
17 22 0.008428
21 28 0.01085
19 31 0.02682
7 21 0.1632
9 18 0.6832
6 31 0.215
12 26 0.005891
6 16 0.2148
7 16 0.02101
5 17 0.2372
11 22 0.001927
15 20 0.01604
6 22 0.1635
4 23 0.3956
5 32 0.2369
8 15 0.04272
22 28 0.0535
2 22 0.002501
20 30 0.04532
2 21 0.002866
10 17 0.6855
3 24 0.4468
1 26 0.3947
11 31 0.003351
4 33 0.237
21 29 0.05162
1 23 0.002582
3 19 0.1976
7 22 0.001467
5 23 0.1132
3 20 0.00174
11 16 0.638
22 27 0.01389
4 18 0.237
7 15 0.1866
2 25 0.4421
3 34 0.2074
7 30 0.1532
8 21 0.002132
12 23 0.01461
9 14 0.06321
9 33 0.003507
24 30 0.004509
16 26 0.003295
10 23 0.002014
14 21 0.0179
10 32 0.003529
11 25 0.00405
15 27 0.003179
12 24 0.002858
14 25 0.02007
13 22 0.01797
13 25 0.005121
15 24 0.02257
16 23 0.02163

#END
