#PP 2.0

ZP_02272649|Fusobacterium_nucleatum_subsp_polymorphum_ATCC10953 AAAAAGCGGAAAACCCUGCCGUUAAGUGGGAGUUA

#END

#SECTION BASEPAIRS

#BPCUT 0.001

22 26 0.001561
10 33 0.00137
12 34 0.7137
9 34 0.001556
9 16 0.02487
17 28 0.8861
19 29 0.03115
9 15 0.00287
8 16 0.002754
16 28 0.01435
7 32 0.001123
5 23 0.02356
10 34 0.002677
12 33 0.008257
14 32 0.8313
8 20 0.02963
6 19 0.02483
11 34 0.008897
13 33 0.8169
9 19 0.02948
3 22 0.004054
17 31 0.03062
19 30 0.00502
5 17 0.002166
19 26 0.8973
9 14 0.01677
6 33 0.001118
2 23 0.003649
20 28 0.03155
6 16 0.002376
8 17 0.02499
6 22 0.02912
16 29 0.893
21 27 0.01998
7 18 0.02622
17 25 0.001289
8 15 0.01671
7 21 0.02962
11 33 0.002352
14 29 0.001297
14 30 0.01436
15 28 0.0013
15 29 0.01444
15 30 0.8923
16 26 0.001272
18 27 0.8961
16 32 0.02953
20 29 0.006373

#END
