#PP 2.0

ZP_00133190|Histophilus_somni_2336 GGCGCAAGCUGCCAUAAGUGCUACUUAAUCA

#END

#SECTION BASEPAIRS

#BPCUT 0.001

19 23 0.6138
17 25 0.7546
15 28 0.007187
15 27 0.6543
14 29 0.01219
16 26 0.7389
12 20 0.002367
3 8 0.03161
5 11 0.003026
18 29 0.002485
12 18 0.001067
10 17 0.009773
2 21 0.1073
2 12 0.8501
19 28 0.002694
3 20 0.1073
7 22 0.001794
3 11 0.8497
1 10 0.02798
4 10 0.558
2 9 0.03157
1 13 0.849
1 22 0.09564
5 20 0.004639
9 18 0.008767
4 12 0.002951
18 24 0.7562
4 19 0.1033
8 21 0.001928
4 21 0.004645
8 19 0.006461
11 21 0.002496
9 20 0.001912
5 18 0.1027
6 10 0.002139
6 19 0.001633

#END
