#PP 2.0

Actinobacillus_ureae_ATCC_25976 ACGCUAAACCGAUUUUACAUUCCGACCAAGG

#END

#SECTION BASEPAIRS

#BPCUT 0.0005

6 14 5.37e-4
6 15 0.0084
7 16 1.78e-3
6 16 0.0377
13 19 6.32e-3
12 20 6.47e-3
12 21 0.148
18 24 3.32e-3
13 25 6.68e-4
18 30 1.16e-3
7 13 5.88e-4
7 14 8.74e-3
1 13 5.99e-4
7 15 0.0373
2 11 0.0904
8 13 5.61e-3
8 14 0.0304
8 15 1.56e-3
14 19 3.42e-3
15 19 5.45e-4
3 18 0.0196
14 24 6.48e-4
15 24 3.61e-3
14 25 0.0034
15 25 3.79e-3
9 24 0.0367
3 23 4.86e-3
2 24 4.82e-3
21 28 7.61e-4
3 9 2.69e-3
26 30 0.0009
20 29 7.57e-4
3 10 0.0885
26 31 4.55e-3
15 29 7.28e-4
21 31 6.06e-4
14 30 5.94e-4
9 31 0.048
2 30 5.67e-3
2 31 4.62e-3
4 11 7.65e-3
11 18 6.62e-3
5 17 0.0347
11 21 4.99e-3
11 22 0.133
16 24 3.92e-3
11 23 0.0565
16 25 7.42e-4
10 24 0.0713
16 28 6.75e-4
11 27 8.36e-4
23 30 0.472
22 30 1.52e-3
23 31 1.59e-3
22 31 0.447
5 28 6.74e-4
5 29 0.0253
10 30 0.0492
5 30 1.15e-3
4 30 0.027
4 31 1.19e-3

#END
