#PP 2.0

Bryantella_formatexigens_DSM_14469 AAAAGCGGUGAGUCCUACUGUAAGUGGAACCGAU

#END

#SECTION BASEPAIRS

#BPCUT 0.0005

16 26 0.0878
6 32 0.957
10 31 4.64e-3
3 34 6.38e-4
9 17 6.91e-3
4 34 0.012
8 18 6.96e-3
15 24 4.46e-3
15 26 0.898
14 26 2.49e-3
15 27 0.0682
14 27 0.917
9 29 0.963
8 30 0.983
5 34 9.96e-3
8 34 1.44e-3
7 19 6.95e-3
6 20 6.95e-3
19 23 0.714
19 24 5.84e-4
18 24 0.88
13 26 5.62e-4
13 27 1.95e-3
13 28 0.922
13 29 7.29e-3
7 31 0.984
12 30 7.13e-3
2 34 6.33e-4
9 32 2.66e-3
10 16 5.93e-3
9 33 1.64e-3
5 21 6.64e-3
16 23 4.44e-3
16 24 1.12e-3
17 25 0.851

#END
