#PP 2.0

Clostridium_phage_D-1873 UAAAAAGUCAGUGAGCCUCCACUGUAUAAGCGAGGAGC

#END

#SECTION BASEPAIRS

#BPCUT 0.0005

16 35 0.139
30 38 0.432
18 36 0.089
16 37 0.015
19 32 0.124
17 34 0.139
7 16 4.28e-3
31 37 0.439
17 35 1.09e-3
19 35 0.0892
13 19 3.93e-3
17 37 0.0742
13 20 0.763
12 21 0.769
6 25 1.02e-3
7 25 0.0252
25 30 0.0575
7 27 0.202
6 27 0.232
24 31 0.0611
1 28 8.50e-4
7 31 0.0141
12 37 4.96e-3
8 14 2.08e-3
8 15 3.74e-3
14 18 5.92e-3
1 32 6.84e-4
15 19 0.0285
1 33 1.26e-3
13 38 0.0671
15 38 0.028
9 24 0.764
8 26 0.208
20 30 0.0175
2 27 7.32e-4
9 13 2.38e-3
20 32 0.0164
22 32 0.0145
8 30 0.0139
20 34 0.0888
23 32 0.0367
11 38 5.15e-3
11 22 0.77
10 23 0.769
5 25 5.25e-4
23 29 0.129
4 27 1.07e-3
5 27 2.67e-3
22 30 0.129
23 30 9.78e-4
18 33 0.139
18 34 9.90e-4

#END
