#PP 2.0

Clostridium_botulinum_BKT015925 AAAAAGUCAGUGAACCUCCACUGUAUAAGCGAGGAGCUA

#END

#SECTION BASEPAIRS

#BPCUT 0.0005

26 39 4.19e-3
22 28 0.0104
23 30 2.46e-3
22 31 0.0013
16 33 0.0129
15 34 0.0128
6 37 8.91e-4
18 34 3.15e-3
9 22 0.983
16 36 3.03e-3
8 23 0.976
3 26 1.38e-3
2 26 5.16e-4
30 36 0.969
27 38 3.44e-3
28 38 0.898
21 29 0.0104
13 17 7.85e-3
21 31 5.12e-4
17 32 0.0129
12 18 5.21e-3
7 36 8.42e-4
19 33 3.13e-3
12 19 0.975
10 37 8.64e-3
5 38 8.34e-4
17 35 3.14e-3
6 24 0.0331
7 25 0.27
6 26 0.263
29 37 0.969
7 29 5.94e-4
6 30 0.0006
19 29 1.62e-3
24 29 2.32e-3
19 31 1.39e-3
18 31 0.0115
11 20 0.983
11 36 8.47e-3
10 21 0.984
12 37 2.16e-3
9 38 7.83e-3
5 24 1.32e-3
4 24 6.77e-4
5 26 0.301
4 26 3.47e-3

#END
