#PP 2.0

Clostridium_cellulovorans_743B GGUGAGGUCCUACCAUACAGUGGACAAUAAAAAUUCA

#END

#SECTION BASEPAIRS

#BPCUT 0.0005

6 34 0.0643
4 36 0.0702
6 10 1.59e-3
6 14 0.0416
13 20 0.668
5 35 0.0693
12 21 0.65
13 23 0.0118
6 25 2.31e-3
7 25 0.91
1 10 8.12e-3
6 28 1.06e-3
7 13 0.0416
1 28 1.15e-3
24 34 5.69e-3
1 14 0.0247
26 35 7.34e-3
24 35 1.11e-3
2 34 4.96e-3
2 35 7.24e-3
2 36 7.56e-4
2 9 8.16e-3
8 12 0.0337
2 13 0.0248
27 34 9.23e-3
3 32 1.15e-3
3 33 5.63e-3
3 17 0.0404
14 20 0.0109
2 18 0.0402
15 21 0.0121
1 35 0.002
14 22 0.012
1 36 8.42e-3
3 37 0.0435
9 23 0.901
8 24 0.915
21 27 1.39e-3
20 28 1.32e-3
3 26 6.32e-4
3 27 0.0159
3 12 0.0246
2 28 0.0165
3 29 0.0465
3 30 0.0101
20 34 6.16e-4
3 31 3.03e-3
22 36 6.98e-3
4 10 8.24e-4
4 11 0.0204
21 33 6.27e-4
23 35 6.66e-3
4 16 0.0397
23 36 1.24e-3
21 37 4.32e-3
16 20 0.0103
11 20 0.0065
10 22 0.886
11 22 0.0342
10 23 0.0194
5 11 1.06e-3
4 28 0.0486
5 28 0.0101
28 33 8.59e-3

#END
