#PP 2.0

Coprococcus_sp._ART55/1 UACCAUACAAAAAGGAACAAUUUUAAUAUGGAUGUUC

#END

#SECTION BASEPAIRS

#BPCUT 0.0005

16 36 0.0624
4 34 9.73e-4
19 33 0.0378
17 35 0.063
5 33 9.95e-4
12 21 0.0613
13 21 0.7
12 22 0.726
13 22 0.106
12 23 0.102
13 23 3.02e-3
12 24 2.68e-3
13 24 2.84e-3
25 29 2.55e-3
24 30 3.58e-3
7 27 0.891
24 31 5.49e-4
6 28 0.929
2 33 0.0787
2 35 5.12e-4
8 14 1.06e-3
14 18 2.62e-3
1 32 0.0169
1 34 0.0631
14 21 0.0955
15 21 1.67e-3
15 37 0.0598
14 22 0.0029
15 22 3.86e-3
14 23 0.0036
15 23 0.0012
14 24 8.71e-4
15 24 8.88e-4
9 23 3.78e-3
9 24 0.0566
21 28 6.48e-4
20 29 6.44e-4
21 30 1.27e-3
21 31 3.95e-3
9 29 8.45e-4
22 32 3.24e-3
8 30 9.03e-4
20 33 0.0239
3 15 1.46e-3
3 31 0.926
23 32 5.59e-4
21 32 0.0478
4 14 1.74e-3
17 21 7.46e-4
16 21 0.0033
17 22 5.94e-4
16 22 1.23e-3
11 21 3.16e-3
16 23 8.89e-4
11 22 0.065
10 22 3.83e-3
10 23 0.0643
11 23 0.728
10 24 0.693
11 24 0.0844
23 30 0.0431
22 30 3.86e-3
23 31 0.0037
22 31 0.0481
5 29 0.933
4 30 0.934
18 34 0.0631

#END
