#PP 2.0

Eubacterium_yurii_subsp._margaretiae_ATCC_43715 UAAAAGAGUAGGAGAACCCGAGCCUUAUAAGUGGGAGU

#END

#SECTION BASEPAIRS

#BPCUT 0.0005

28 37 5.79e-4
18 35 0.0359
16 38 0.0165
19 33 0.377
19 34 0.0359
17 34 2.78e-3
12 17 0.0677
19 35 1.16e-3
17 35 0.374
12 18 0.388
12 19 0.0346
6 18 0.0015
19 37 4.47e-3
17 37 0.0201
6 19 3.91e-3
12 23 8.68e-3
12 24 0.0201
6 23 2.06e-3
13 25 6.62e-4
6 24 0.316
12 26 5.72e-4
7 25 0.0117
6 25 1.57e-3
25 29 2.74e-3
6 26 0.0109
25 30 0.0646
1 10 2.27e-3
25 31 1.26e-3
24 31 0.0729
7 28 2.68e-3
1 27 1.13e-3
19 31 2.28e-3
26 33 0.0219
24 33 0.0676
1 29 0.0651
24 34 0.109
1 30 5.06e-4
26 35 7.06e-3
24 35 0.0228
2 32 6.06e-4
24 37 6.96e-3
14 38 1.77e-3
2 9 2.31e-3
27 32 0.0166
25 33 0.106
25 34 0.0228
9 16 9.11e-3
25 36 7.14e-3
14 18 1.37e-3
8 17 9.48e-3
14 19 2.05e-3
1 33 5.38e-4
8 19 7.85e-4
9 20 0.0023
15 38 5.93e-4
13 38 8.52e-4
9 21 0.03
14 23 0.0132
9 22 0.282
14 24 6.62e-4
8 23 0.288
8 24 9.88e-3
21 28 5.84e-3
26 30 9.99e-4
9 27 0.0223
2 26 9.60e-4
3 26 1.34e-3
26 31 1.69e-3
8 28 0.0211
2 28 0.0711
3 28 2.22e-3
22 32 0.0512
20 32 0.237
22 38 9.67e-3
20 38 3.38e-3
21 32 0.0252
23 34 0.0667
23 35 0.107
11 17 0.0021
11 18 0.0678
23 37 0.0109
11 19 0.389
21 38 8.97e-4
11 24 0.0087
10 25 7.04e-3
11 25 0.0202
22 28 1.43e-3
10 26 0.0213
5 25 0.311
4 25 9.45e-4
5 26 1.59e-3
4 26 0.273
23 31 0.0625
4 28 6.52e-4
18 33 2.79e-3
18 34 0.378

#END
