#PP 2.0

Fusobacterium_sp._D12 AGGUGUUCCACCACCUUAAAAUGAAGCAGUUAUAAAUUC

#END

#SECTION BASEPAIRS

#BPCUT 0.0005

28 37 9.98e-4
16 35 0.0297
28 38 0.0109
18 38 5.30e-4
6 10 0.0113
17 32 5.97e-3
31 35 0.0108
19 33 6.45e-4
17 34 0.0511
29 37 0.0153
17 35 7.86e-4
1 16 0.642
29 38 7.32e-4
1 17 3.64e-3
19 37 6.39e-4
18 22 2.53e-3
7 25 2.29e-3
6 26 2.72e-3
25 30 7.99e-3
24 30 0.0707
25 31 8.55e-4
24 31 7.42e-3
19 30 5.48e-3
18 31 6.48e-3
19 31 3.65e-3
13 30 1.97e-3
24 33 5.87e-4
1 31 1.81e-3
24 38 0.0277
26 39 1.38e-3
2 9 1.15e-3
2 12 0.119
25 33 1.54e-3
2 15 0.874
25 37 0.0264
15 23 1.54e-3
9 23 2.23e-3
15 26 0.0138
3 8 1.15e-3
20 30 0.0028
21 30 0.104
14 29 2.21e-3
3 11 0.12
20 31 0.092
22 32 0.0778
2 30 2.42e-3
3 14 0.876
22 34 7.39e-4
32 38 5.45e-4
22 36 7.03e-3
20 38 5.72e-3
4 10 0.119
4 13 0.875
23 33 7.44e-4
21 33 0.0714
21 37 6.98e-3
23 39 0.0271
17 23 3.45e-3
10 22 1.83e-3
16 24 2.58e-3
17 24 0.0136
16 25 0.0146
23 27 0.0165
22 28 0.015
5 9 0.116
22 29 0.102
5 27 2.81e-3
5 11 6.98e-3
23 31 0.0784
5 12 0.861
4 28 2.75e-3
28 33 2.17e-3
18 33 0.0514
30 36 0.0154

#END
