#PP 2.0

Fusobacterium_sp._3_1_5R AGGUGUUCCACCACCUUUAAAUGAAGCAGUUAUAAAUUC

#END

#SECTION BASEPAIRS

#BPCUT 0.0005

28 37 9.85e-4
16 35 2.02e-3
18 35 1.53e-3
28 38 0.0108
18 36 5.88e-4
16 36 0.0206
6 10 0.0108
31 35 0.0107
19 33 0.0423
17 34 3.21e-3
29 37 0.0151
17 35 0.0411
1 16 0.616
29 38 7.29e-4
17 36 1.34e-3
1 17 1.32e-3
18 23 0.0549
18 24 2.63e-3
18 25 0.0017
7 25 2.16e-3
6 26 2.57e-3
25 30 7.63e-3
24 30 0.07
25 31 7.99e-4
24 31 7.05e-3
19 31 0.0203
13 30 7.47e-3
24 33 5.41e-4
1 31 1.72e-3
24 38 0.0259
26 39 0.0013
2 9 1.65e-3
2 12 0.157
25 33 1.44e-3
2 15 0.836
25 37 0.0246
15 23 1.44e-3
9 23 2.11e-3
15 26 0.0572
3 8 1.64e-3
21 30 0.0882
20 30 0.014
14 29 8.38e-3
15 29 6.72e-4
3 11 0.158
21 31 1.74e-3
20 31 0.0792
22 32 0.0767
2 30 0.0023
3 14 0.837
22 34 6.72e-4
32 38 5.44e-4
22 36 6.56e-3
20 38 5.34e-3
4 10 0.157
4 13 0.837
23 33 6.80e-4
21 33 0.0688
21 37 6.52e-3
23 39 0.0254
17 23 2.63e-3
10 22 1.73e-3
16 24 1.98e-3
17 24 0.0623
16 25 0.0612
17 25 2.48e-3
23 27 0.026
16 26 8.93e-4
17 26 1.37e-3
22 28 0.0247
5 9 0.152
22 29 0.0869
16 28 6.59e-4
5 27 2.67e-3
5 11 6.68e-3
23 31 0.0776
5 12 0.823
4 28 2.61e-3
28 33 2.09e-3
18 32 0.0188
30 36 0.0153
16 34 8.57e-4
18 34 0.0452

#END
