#PP 2.0

Fusobacterium_sp._4_1_13 AGGUGUUCCACCACCUCAAAAUGAAGCAGUUUUAAAUUC

#END

#SECTION BASEPAIRS

#BPCUT 0.0005

28 37 6.01e-4
16 35 8.37e-3
28 38 6.59e-3
18 38 2.22e-3
6 10 0.0113
19 32 0.408
31 35 6.54e-3
19 33 4.64e-3
29 37 9.23e-3
1 16 0.634
19 37 2.54e-3
18 22 0.0434
19 38 9.83e-4
7 25 7.98e-4
6 26 9.40e-4
25 30 0.0127
24 30 7.63e-4
25 31 0.0577
24 31 0.0135
26 32 8.69e-4
24 32 0.0622
19 31 4.69e-3
13 30 1.16e-3
24 33 5.03e-3
24 38 0.0143
26 39 8.32e-4
2 9 1.18e-3
25 32 5.32e-3
2 12 0.12
25 33 1.01e-3
2 15 0.876
25 37 0.0136
15 23 8.15e-4
9 23 7.16e-4
14 26 5.35e-3
15 26 3.58e-3
3 8 1.18e-3
26 30 0.0267
26 31 3.03e-3
21 30 0.426
20 30 3.33e-3
14 29 1.29e-3
15 29 0.0012
3 11 0.12
21 31 4.52e-3
20 31 0.423
20 32 4.94e-3
20 33 9.51e-4
2 30 7.59e-4
3 14 0.877
22 34 0.0515
22 35 5.90e-4
22 36 5.92e-3
20 37 1.04e-3
20 38 5.36e-3
4 10 0.12
23 32 0.0115
21 32 9.49e-4
4 13 0.876
23 33 0.0616
21 37 6.44e-3
23 39 0.014
17 23 0.0661
10 22 5.87e-4
16 24 0.0502
16 25 2.32e-3
23 27 0.0148
17 26 2.77e-3
22 28 0.0123
5 9 0.116
22 29 0.413
16 28 0.0012
5 27 9.71e-4
5 11 6.99e-3
23 31 7.13e-4
5 12 0.862
4 28 9.35e-4
18 32 3.88e-3
18 33 0.342
30 36 9.33e-3
16 34 2.79e-3

#END
