#PP 2.0

Fusobacterium_ulcerans_ATCC_49185 AAAAAGCGGUGUACCCUACCAUCAAGUGGGAGUUA

#END

#SECTION BASEPAIRS

#BPCUT 0.0005

6 33 5.05e-3
6 12 0.018
6 14 6.09e-4
6 16 0.0109
7 32 5.09e-3
5 34 4.21e-3
19 26 0.949
18 27 0.956
19 29 0.0297
7 11 0.0186
19 30 7.43e-4
12 31 1.21e-3
12 32 6.63e-4
14 32 0.585
12 35 0.0108
8 14 0.0125
8 15 0.0195
13 33 0.5
8 16 0.0026
13 34 0.0079
9 19 3.29e-3
8 20 3.28e-3
9 22 1.04e-3
8 23 1.02e-3
20 26 3.06e-3
21 27 0.0292
20 28 0.0299
20 29 7.20e-4
3 10 6.24e-4
15 29 0.0245
14 30 0.0246
15 30 0.936
9 14 0.0205
9 15 0.0026
8 34 6.56e-4
10 35 0.0302
11 17 0.0028
10 18 3.27e-3
9 34 1.67e-3
11 34 0.0426
5 17 0.0101
11 20 9.67e-4
10 21 1.04e-3
22 26 0.025
5 10 0.0017
16 28 0.024
17 28 0.939
16 29 0.94
5 12 1.85e-3
17 31 7.28e-3
16 32 0.012

#END
