#PP 2.0

Haemophilus_parasuis_SH0165 UGGUGAACGCUACCAUUAAAGUGCGAUGUAUAUG

#END

#SECTION BASEPAIRS

#BPCUT 0.0005

6 11 3.03e-3
17 32 9.97e-4
19 33 0.0216
17 34 1.69e-3
1 18 0.0149
13 21 0.0702
12 22 0.0688
13 25 1.21e-3
24 28 0.433
18 27 6.48e-4
18 29 6.15e-4
6 27 0.0139
7 27 0.0119
12 29 5.18e-4
18 31 7.48e-4
6 29 6.12e-4
7 29 3.41e-3
1 12 0.005
26 33 2.02e-3
24 34 5.13e-4
1 30 1.35e-3
1 15 0.607
2 8 6.81e-4
2 11 6.63e-3
27 32 1.86e-3
2 14 0.803
15 33 7.30e-4
3 16 0.0189
1 32 4.24e-3
3 33 3.47e-3
2 17 0.0177
14 21 5.03e-3
15 22 3.56e-3
14 23 3.17e-3
9 22 0.0328
8 23 0.0314
9 24 0.129
21 27 5.28e-4
20 27 1.53e-3
8 25 0.125
3 24 8.51e-4
15 27 0.0036
20 29 9.15e-4
14 28 2.66e-3
9 27 2.65e-3
3 10 6.83e-3
8 28 3.29e-3
3 27 1.75e-3
21 31 0.41
20 31 8.62e-4
9 29 5.32e-4
22 32 1.83e-3
3 13 0.804
2 29 1.63e-3
20 33 3.42e-3
3 31 0.0254
2 31 5.11e-3
4 9 6.29e-3
4 12 0.798
21 33 1.68e-3
4 15 0.019
16 21 3.25e-3
11 20 0.0326
10 21 0.033
11 23 3.84e-3
10 23 0.127
17 25 3.82e-3
4 23 5.34e-4
16 26 3.95e-3
10 25 1.29e-3
5 24 1.65e-3
4 25 1.01e-3
23 29 0.438
17 28 5.32e-4
4 26 1.84e-3
5 10 0.039
22 30 0.433
10 28 5.63e-4
5 11 0.697
23 31 1.58e-3
17 30 6.19e-4
5 29 0.0225
16 32 8.70e-4
4 30 0.0265
5 14 0.019
18 33 2.23e-3
5 31 3.49e-3
4 32 3.71e-3

#END
