#PP 2.0

Haemophilus_parasuis CUUAAUUUGGUGUAGGCUACCGUAUAGUGCCG

#END

#SECTION BASEPAIRS

#BPCUT 0.0005

6 10 1.43e-3
6 12 5.34e-3
12 17 6.07e-3
12 18 0.108
13 19 6.82e-4
12 20 6.71e-4
6 22 8.67e-4
19 25 0.0829
13 24 0.0716
18 26 0.0912
12 25 0.0678
6 24 0.0404
7 24 1.06e-3
24 28 0.0045
18 27 0.0041
13 26 0.0674
19 28 0.405
13 27 3.35e-3
7 26 2.41e-3
1 9 7.99e-3
18 29 0.0155
12 28 0.0561
6 27 2.59e-3
1 10 0.0302
13 29 1.31e-3
1 27 0.0103
12 30 1.32e-3
1 12 1.37e-3
7 14 8.26e-4
1 29 3.24e-3
2 9 0.03
2 10 0.0012
8 14 6.30e-4
13 32 7.53e-4
2 14 6.56e-4
14 18 5.59e-4
9 18 6.97e-3
15 20 6.79e-4
8 19 5.74e-3
15 21 0.0307
9 21 0.128
14 23 0.0694
8 22 0.0845
15 25 7.33e-4
14 25 0.0676
21 27 0.0251
20 27 0.414
3 24 1.45e-3
3 9 0.0018
3 26 8.65e-3
2 26 9.91e-3
9 28 0.008
3 27 1.29e-3
2 27 5.82e-3
8 29 3.02e-3
3 12 1.02e-3
15 31 0.589
3 29 1.08e-3
9 31 0.258
3 14 2.74e-3
8 32 0.0884
4 8 1.37e-3
4 11 0.0011
4 13 2.78e-3
11 16 6.96e-3
10 17 7.12e-3
16 20 0.0298
11 19 0.127
16 21 0.0373
10 20 0.128
17 22 0.0968
16 23 0.0888
4 23 1.57e-3
5 23 1.17e-3
17 27 0.0906
11 26 0.0196
4 25 6.62e-3
5 25 0.0363
23 29 6.48e-3
16 28 0.0869
22 30 6.47e-3
17 29 0.575
5 11 1.61e-3
22 31 5.80e-4
16 30 0.591
11 29 0.246
4 28 1.21e-3
5 28 2.52e-3
10 30 0.258
5 13 5.08e-3
10 31 8.43e-4

#END
