#PP 2.0

Lachnospiraceae_bacterium_2_1_46FAA AGGUGAGUCUCCACCAUAAAGAGAGAACCUAAAAAAGC

#END

#SECTION BASEPAIRS

#BPCUT 0.0005

2 15 0.0394
23 28 8.44e-4
23 29 3.06e-3
22 30 2.89e-3
9 21 5.67e-3
8 22 5.63e-3
15 21 5.26e-3
14 21 3.98e-3
9 23 0.793
8 24 0.781
9 25 0.162
8 26 0.159
3 28 0.958
30 36 7.73e-4
3 29 5.96e-4
2 29 0.957
3 14 0.0395
2 30 5.72e-4
21 29 2.33e-3
20 30 2.18e-3
13 17 2.86e-3
12 21 0.147
7 11 1.46e-3
7 28 6.49e-4
4 13 0.0395
1 30 0.853
29 37 7.36e-4
10 20 5.19e-3
11 21 0.773
10 22 0.792
11 23 0.161
10 24 0.162
4 27 0.939
5 12 0.0392
5 29 5.61e-4

#END
