#PP 2.0

Lactobacillus_kefiranofaciens_ZW3 AUAGAGGCCACAGAGCCUAUCAAAACUGUUUUAU

#END

#SECTION BASEPAIRS

#BPCUT 0.0005

19 34 1.55e-3
7 16 0.997
6 17 0.996
1 20 4.38e-3
13 26 1.58e-3
25 29 0.0101
24 29 5.36e-3
12 27 0.0016
25 30 6.63e-3
24 30 0.0171
19 29 1.06e-3
25 31 1.28e-3
24 31 9.77e-3
19 30 2.18e-3
24 32 1.38e-3
1 29 0.0559
2 33 2.81e-3
27 33 7.11e-4
8 15 0.991
3 32 2.89e-3
1 34 1.95e-3
3 18 2.58e-3
2 19 5.49e-3
3 20 0.0173
2 22 2.83e-3
2 23 0.0019
20 28 5.30e-4
21 28 0.027
3 27 0.0724
9 13 0.0799
2 28 0.069
22 32 0.0149
20 33 1.95e-3
9 15 2.67e-3
23 32 9.13e-3
4 17 8.50e-4
5 18 0.907
4 18 1.45e-3
5 20 0.0265
4 20 7.65e-3
4 21 0.0451
22 27 0.0223
4 26 0.0726
23 29 8.83e-4
22 30 8.32e-4
23 30 7.39e-3
11 28 1.59e-3
28 32 5.90e-4
22 31 6.21e-3
23 31 0.0175
10 29 1.38e-3
5 30 1.35e-3
4 31 2.75e-3

#END
