#PP 2.0

Lactobacillus_jensenii_269-3 UAAAAGUCAGGUGAGCUCGGCCUUAUAAGUGAGCGUUA

#END

#SECTION BASEPAIRS

#BPCUT 0.0005

6 34 3.71e-3
4 36 6.21e-4
17 32 0.941
7 32 0.0108
6 16 1.53e-3
13 18 3.41e-3
7 33 1.26e-3
12 19 1.77e-3
19 37 2.53e-3
12 20 0.0231
7 20 5.15e-3
6 21 4.78e-3
13 24 0.0127
19 26 5.09e-3
12 25 0.0126
24 28 0.0011
7 25 0.0105
6 26 0.0101
25 30 4.11e-3
24 31 5.64e-3
19 30 0.697
18 31 0.939
7 14 0.0625
7 15 8.05e-4
12 33 0.0101
1 31 9.24e-4
12 35 6.78e-4
14 36 0.158
14 37 1.02e-3
12 38 0.11
2 37 4.68e-3
8 13 0.0715
15 34 0.939
9 17 3.88e-3
13 36 0.0872
8 19 5.27e-3
15 21 1.71e-3
13 37 0.165
15 22 0.0109
3 36 4.65e-3
14 23 0.0127
3 37 7.63e-4
9 23 0.0222
1 38 3.26e-3
20 26 6.30e-4
3 24 6.28e-4
21 29 0.247
20 30 0.128
15 30 0.0101
9 30 0.0109
22 33 5.44e-3
8 31 0.0123
2 30 1.07e-3
20 34 1.37e-3
20 36 3.55e-3
10 37 4.28e-3
23 32 5.74e-3
21 33 1.17e-3
10 16 3.97e-3
11 16 0.0015
21 35 3.64e-3
10 17 1.45e-3
11 34 0.0101
5 17 1.37e-3
16 20 3.26e-3
9 36 4.62e-3
11 36 0.0033
9 37 7.74e-4
11 21 0.025
11 37 8.51e-3
10 22 0.025
5 23 8.09e-4
4 23 6.55e-4
23 27 0.0089
4 24 7.33e-4
23 28 0.119
11 26 0.0114
23 29 1.17e-3
22 29 0.129
17 28 9.53e-3
16 29 0.0101
22 31 1.16e-3
5 12 1.85e-3
16 33 0.941

#END
