#PP 2.0

Lactobacillus_jensenii_208-1 AAAGAGGAGUGUAUCUCAGCUCUAAGUGAGAAUUA

#END

#SECTION BASEPAIRS

#BPCUT 0.0005

29 33 1.25e-3
19 33 9.58e-4
6 15 0.118
6 16 4.27e-3
6 17 6.73e-4
7 17 0.226
7 34 5.02e-4
6 20 0.175
7 21 5.01e-4
6 22 1.27e-3
7 22 0.29
6 23 0.269
1 23 8.41e-4
19 27 0.0311
18 27 0.292
1 27 1.03e-3
26 33 0.0412
7 14 0.053
24 34 1.89e-3
14 32 2.54e-3
12 32 0.0158
7 15 0.0088
12 35 2.04e-3
8 12 7.47e-4
27 32 0.0414
25 33 2.02e-3
8 14 0.0115
25 34 0.0337
27 35 1.11e-3
13 33 4.25e-3
8 16 0.228
13 34 2.34e-3
9 17 0.012
3 16 4.73e-3
9 20 0.291
8 21 0.29
3 21 0.0201
21 25 0.0724
20 26 0.0889
2 23 6.23e-4
3 23 0.166
21 29 0.168
3 10 7.77e-4
20 30 0.166
2 27 4.58e-3
3 27 1.53e-3
21 31 5.44e-3
15 30 0.326
3 12 1.88e-3
14 31 0.286
9 15 0.228
10 32 0.014
8 34 0.0119
10 35 2.27e-3
4 15 5.38e-3
11 33 0.0143
11 17 0.0375
9 33 0.014
5 16 0.121
11 34 2.71e-3
9 34 7.24e-4
10 18 0.0253
4 17 0.121
10 19 0.267
4 20 0.0246
5 21 0.179
4 22 0.179
5 23 1.86e-3
22 28 0.169
23 29 6.89e-3
17 28 0.326
5 10 2.02e-3
22 30 0.0072
16 29 0.326
5 12 7.15e-4
28 34 1.66e-3
11 15 0.0028
5 14 0.0054
18 33 1.11e-3
18 34 1.02e-3

#END
