#PP 2.0

Leptotrichia_hofstadii_F0254 UAAAAACAGGUGUUCCACUACCUUAAAAUGAAGGACAGA

#END

#SECTION BASEPAIRS

#BPCUT 0.0005

18 38 0.042
16 38 1.59e-3
6 13 0.0154
12 16 0.421
13 17 0.0295
29 37 8.04e-3
19 35 5.51e-3
12 18 0.0347
7 33 5.07e-4
12 19 0.22
19 37 0.04
13 20 1.17e-3
6 19 1.38e-3
19 38 5.80e-4
12 21 1.16e-3
7 38 1.33e-3
6 24 4.31e-3
25 29 7.46e-3
19 28 5.99e-4
1 25 1.22e-3
24 30 7.72e-3
24 31 0.588
19 30 0.0016
18 30 9.62e-3
7 12 0.0158
24 32 1.66e-3
7 30 9.04e-4
1 30 3.58e-3
1 31 5.64e-4
14 34 0.0171
14 35 0.0058
12 36 0.0288
14 39 7.30e-4
15 33 0.0165
9 16 0.162
15 34 0.0104
13 35 0.0244
9 18 0.0154
9 19 0.403
8 19 0.0147
15 38 1.06e-3
9 22 0.291
9 23 1.06e-3
8 23 0.253
8 24 1.51e-3
2 24 1.34e-3
20 29 1.84e-3
21 30 5.55e-4
2 29 3.77e-3
22 33 0.667
22 34 1.65e-3
10 36 9.91e-4
23 32 0.661
23 33 1.65e-3
10 15 0.161
21 34 0.661
10 16 6.11e-4
11 17 0.435
10 18 0.435
11 35 9.29e-4
11 20 0.289
10 21 0.291
11 37 0.0234
10 22 1.08e-3
4 24 8.20e-4
5 24 1.46e-3
22 30 6.19e-4
17 29 1.75e-3
23 31 4.03e-3
16 30 1.99e-3
5 14 0.0124
16 33 0.0104
30 36 9.86e-3

#END
