#PP 2.0

Leptotrichia_goodfellowii_F0264 UAAAUUCGGGUGUUCCACCACCUUUAAGUGAAGGGACUA

#END

#SECTION BASEPAIRS

#BPCUT 0.0005

28 37 0.0343
6 36 4.57e-3
12 16 0.221
29 36 0.0338
13 17 5.77e-4
5 32 7.99e-4
19 35 2.13e-3
12 19 0.0405
7 35 5.28e-3
25 30 0.181
6 27 8.99e-4
1 26 2.07e-3
25 31 0.0297
24 31 0.207
19 30 0.707
24 32 0.0322
7 30 1.07e-3
6 31 1.04e-3
14 35 0.706
14 36 7.22e-4
12 37 0.699
8 16 3.91e-3
9 16 3.43e-3
15 34 0.708
15 35 9.91e-4
8 18 7.44e-4
9 18 0.0128
27 38 0.0317
13 36 0.704
8 19 0.0133
9 19 0.227
8 21 1.01e-3
9 22 0.041
8 23 0.0359
3 24 2.29e-3
21 28 0.7
2 25 0.0023
20 29 0.708
22 33 0.212
9 15 0.0039
22 34 0.0332
8 37 6.91e-4
10 37 4.37e-3
8 38 8.11e-4
10 38 0.0162
4 11 3.07e-3
23 32 0.212
10 14 1.64e-3
23 33 0.0328
10 15 3.45e-3
21 34 0.211
21 35 0.033
11 17 0.228
10 18 0.228
11 20 0.0411
11 36 2.98e-3
10 21 0.0411
9 38 5.32e-3
11 39 3.97e-3
4 23 1.22e-3
23 27 7.89e-3
22 28 4.95e-3
5 10 2.86e-3
5 26 1.99e-3
5 28 9.44e-4
4 29 9.12e-4
16 33 0.708
16 34 9.71e-4

#END
