#PP 2.0

Pectobacterium_atrosepticum_SCRI1039 AGGUGAUUUGCUACCUUUAAGUGCAGCUAGAAAUUC

#END

#SECTION BASEPAIRS

#BPCUT 0.0005

13 18 1.01e-3
12 19 8.21e-4
12 20 0.0134
12 21 1.45e-3
13 22 0.159
24 30 4.37e-3
12 23 0.0101
1 16 0.388
1 17 7.62e-4
12 25 0.0577
13 28 0.0292
12 29 0.0305
1 28 0.0818
1 12 5.57e-4
2 34 6.08e-4
2 35 0.0126
2 36 2.47e-3
2 11 6.26e-4
2 12 2.24e-3
14 21 0.163
15 21 0.0353
2 15 0.592
14 23 0.0395
15 23 2.49e-3
3 34 0.0182
15 26 0.0289
3 35 2.14e-3
3 36 0.001
2 27 0.0916
3 11 2.43e-3
3 27 0.0617
2 28 0.0574
3 14 0.593
4 10 2.37e-3
16 20 0.0296
4 13 0.591
16 21 6.83e-4
17 23 1.45e-3
16 25 0.0282
30 36 4.67e-3
17 29 5.18e-4
17 30 0.0434
17 31 0.0876
16 31 0.0292
5 24 0.0909
18 32 1.17e-3
16 32 0.0455
5 9 5.36e-4
4 25 0.0906
16 33 0.0055
4 26 0.0552
5 27 3.42e-3
5 11 0.015
5 28 0.0018
5 12 0.514
4 29 1.81e-3
4 30 2.49e-3
4 31 9.56e-4
4 32 7.35e-4
4 33 0.0185
6 34 0.0359
6 35 4.11e-3
29 34 5.99e-4
31 35 3.61e-3
17 32 0.0123
17 33 9.68e-4
19 35 6.18e-4
6 12 8.42e-4
18 23 1.52e-3
7 32 1.51e-3
7 33 0.0366
18 25 5.63e-4
5 35 0.0303
5 36 0.0045
19 28 0.0322
7 21 0.0784
18 29 0.0479
6 22 0.0779
18 30 0.0875
7 23 1.28e-3
18 31 0.0134
7 26 6.89e-4
6 28 8.12e-3
7 29 1.32e-3
7 30 3.09e-3
7 31 0.0135
9 19 0.0769
21 27 0.247
8 20 0.078
9 20 2.54e-3
20 28 0.218
8 21 2.41e-3
9 23 7.62e-3
8 25 6.78e-4
9 25 0.196
22 33 5.59e-3
8 26 0.0962
20 34 7.64e-4
20 35 4.03e-3
8 29 3.73e-3
9 29 0.0136
8 30 0.0152
9 30 1.63e-3
8 31 1.91e-3
9 31 0.034
8 32 0.0358
8 33 2.63e-3
21 34 5.51e-3
9 32 1.65e-3
10 18 0.0682
22 26 0.216
23 28 5.53e-4
11 21 0.0141
22 29 6.20e-4
10 22 0.0135
11 23 0.201
22 31 9.20e-4
10 24 0.206
11 26 0.0649
10 27 0.0643
10 28 5.50e-4
11 30 0.0304

#END
