#PP 2.0

Peptoniphilus_duerdenii_ATCC_BAA-1640 AAAAGCGGUGUACGCAGCCAUAAAAUGCGAACUAA

#END

#SECTION BASEPAIRS

#BPCUT 0.0005

16 26 0.693
5 15 0.268
17 28 0.145
11 30 0.0241
8 15 1.05e-3
11 31 0.43
9 16 1.04e-3
9 17 6.46e-3
8 18 7.18e-3
16 33 0.0012
9 20 5.19e-4
8 21 5.09e-4
27 32 5.72e-4
6 10 1.53e-3
21 25 0.0239
15 27 0.72
6 14 0.269
20 26 0.03
14 28 0.72
9 14 9.70e-4
9 31 0.195
7 32 1.29e-3
10 32 0.44
8 32 0.2
6 17 1.29e-3
7 33 0.181
10 33 9.03e-4
8 33 0.0103
7 19 7.15e-3
17 32 1.27e-3
4 9 8.95e-4
7 26 1.26e-3
6 27 2.13e-3
7 13 0.268
19 27 0.022
18 27 0.136
13 29 0.711
10 15 1.37e-3
19 29 8.09e-4
18 29 7.19e-3
5 18 1.29e-3
9 34 7.04e-3
10 19 5.03e-4
5 21 5.14e-4
5 11 1.48e-3
5 28 2.12e-3

#END
