#PP 2.0

Ruminococcus_sp._5_1_39B_FAA AGCGGUUAGAGUGUCCAACCAAAACAAUCGAUUAAA

#END

#SECTION BASEPAIRS

#BPCUT 0.0005

4 33 2.74e-3
6 13 5.12e-4
5 32 3.76e-3
12 18 0.0167
7 17 0.706
13 19 5.91e-3
6 18 0.794
13 20 0.134
12 21 0.133
12 22 2.14e-3
7 22 5.11e-4
12 24 0.013
7 23 0.0032
13 25 9.53e-3
6 24 3.59e-3
12 26 0.0082
7 26 0.155
25 30 0.0087
6 27 0.18
24 32 1.45e-3
26 33 1.19e-3
7 30 3.06e-3
6 31 3.81e-3
2 32 0.0123
27 32 8.86e-4
27 33 0.0012
8 14 1.36e-3
2 14 1.11e-3
9 16 0.105
14 18 5.69e-3
1 32 1.53e-3
1 33 9.13e-3
9 20 4.47e-3
14 24 8.69e-3
9 25 0.0094
2 25 1.65e-3
9 29 6.96e-3
3 13 1.23e-3
22 33 3.26e-3
9 15 0.636
3 30 0.179
4 12 1.15e-3
23 32 0.0035
10 14 0.483
23 33 1.41e-3
11 16 1.34e-3
4 16 3.26e-3
11 19 0.0167
11 20 1.62e-3
5 19 0.796
4 20 0.794
11 25 0.0131
5 25 0.0036
10 28 6.65e-3
5 28 0.182
4 29 0.183
11 15 5.03e-3
5 15 3.26e-3

#END
