#PP 2.0

Taylorella_equigenitalis_MCE9 AUUGGUGACGUACUGCCUUAACGUACGGUUAAAUUC

#END

#SECTION BASEPAIRS

#BPCUT 0.0005

6 33 0.015
4 34 0.003
4 35 0.0103
4 36 2.81e-3
6 12 9.65e-3
6 15 0.24
12 19 2.01e-3
5 34 0.016
5 35 2.83e-3
13 23 0.706
12 24 0.715
7 24 7.72e-3
6 25 0.0154
7 26 3.56e-3
6 27 0.003
7 11 6.73e-3
6 28 1.93e-3
19 31 0.25
7 13 6.76e-3
7 29 5.25e-3
7 14 0.117
7 30 0.308
1 29 9.36e-4
6 31 0.257
1 30 1.25e-3
2 32 0.0251
2 33 0.0386
8 14 8.26e-4
3 32 0.0402
15 19 0.0034
3 33 9.97e-3
14 20 3.68e-3
1 34 0.0284
14 21 0.156
1 35 2.02e-3
15 22 0.14
14 23 7.53e-3
15 24 1.29e-3
9 23 0.0217
14 25 8.86e-4
8 24 0.0137
3 8 5.60e-4
21 29 0.255
9 27 0.557
3 10 5.61e-4
20 30 0.255
15 29 1.23e-3
9 28 0.153
3 27 9.96e-4
8 29 0.303
3 28 7.57e-3
2 28 1.08e-3
3 31 0.0325
3 15 0.003
4 9 1.53e-3
4 14 9.15e-3
5 16 0.242
4 17 0.241
11 20 1.15e-3
11 21 0.0195
16 23 0.0014
10 22 0.0216
11 25 0.715
22 28 0.256
17 27 1.38e-3
10 26 0.714
16 28 1.38e-3
4 26 8.50e-4
5 26 0.0158
4 29 1.77e-3
5 13 9.82e-3
5 29 0.0211
18 32 0.203
4 30 0.0319
5 30 4.71e-3
28 35 6.25e-4
18 33 6.40e-4
6 32 0.0025

#END
