#PP 2.0

Treponema_vincentii_ATCC_35580 GUGAACCCUACCGUAAAGUGGAAUCCUUAAAGCA

#END

#SECTION BASEPAIRS

#BPCUT 0.0005

6 13 0.0017
19 32 1.55e-3
12 18 0.0166
13 19 0.024
12 20 0.0379
12 21 1.23e-3
7 20 0.0471
6 21 0.047
7 21 0.197
18 25 6.55e-4
1 6 1.69e-3
18 26 7.82e-3
1 7 1.09e-3
1 25 1.44e-3
1 26 0.0984
1 11 0.0049
1 27 2.44e-3
26 32 6.79e-3
1 28 2.45e-3
14 32 8.45e-3
2 32 0.0266
2 10 4.99e-3
25 32 1.31e-3
13 33 8.72e-3
14 18 1.87e-3
9 17 0.04
8 18 0.0417
9 18 2.33e-3
3 33 6.60e-4
1 33 0.0271
8 20 0.194
9 20 0.679
8 21 0.672
9 22 1.32e-3
21 25 9.37e-3
20 25 5.22e-3
9 23 1.72e-3
21 26 1.84e-3
20 26 9.63e-3
20 27 1.66e-3
3 8 9.23e-4
3 25 0.224
3 9 0.0043
15 28 8.33e-4
3 26 0.0145
27 31 5.67e-3
14 29 8.11e-4
3 28 7.54e-3
3 12 8.86e-4
2 29 5.95e-3
11 18 0.807
10 19 0.814
11 20 5.09e-4
11 21 0.0376
23 27 0.0007
5 24 0.0133
4 24 0.216
23 28 1.43e-3
22 28 1.08e-3
17 27 7.76e-3
16 27 7.02e-4
16 28 6.95e-3
4 27 7.01e-3
5 27 0.0016
4 28 1.55e-3
5 14 1.59e-3
18 33 1.58e-3

#END
