#PP 2.0

Veillonella_parvula_ACS-068-V-Sch12 ACAAAAAGAGCGGUAAAUCGCCACCAUAAGAGCGAA

#END

#SECTION BASEPAIRS

#BPCUT 0.0005

18 35 0.431
19 34 0.492
13 18 0.189
12 19 0.412
13 21 0.0642
12 22 0.0641
13 24 0.0221
12 25 0.0221
24 30 0.0136
25 30 0.0422
6 27 9.77e-4
7 27 3.35e-3
24 32 5.66e-3
7 14 0.001
24 34 2.33e-3
1 14 6.02e-3
2 32 5.42e-4
2 8 4.88e-3
2 10 2.08e-3
27 32 6.81e-4
2 12 2.28e-3
25 32 0.0043
2 13 6.71e-3
25 34 7.75e-3
9 18 1.06e-3
14 20 0.0618
8 19 9.83e-4
14 23 0.0217
8 22 0.195
8 24 5.18e-3
8 25 0.029
22 32 1.38e-3
9 14 8.61e-4
20 33 0.494
2 30 1.27e-3
22 34 4.29e-3
8 33 5.41e-4
10 33 5.76e-3
21 32 0.493
11 32 5.77e-3
11 20 0.416
10 21 0.414
10 22 1.12e-3
10 24 0.0391
10 25 5.79e-4
10 27 0.0015
4 27 6.76e-4
22 30 0.312
11 30 5.08e-4

#END
