#PP 2.0

Clostridium_cellulovorans_743B AUUCAGGUGAGGUCCUACCAUACAGUGGACAAUAAAA

#END

#SECTION BASEPAIRS

#BPCUT 0.0005

6 33 1.05e-3
6 15 0.0306
13 17 0.321
12 18 0.396
7 33 8.53e-3
7 18 9.01e-3
6 19 8.99e-3
19 25 6.64e-3
18 25 0.407
7 23 0.39
19 27 0.0316
1 8 8.99e-4
18 28 0.0312
6 26 1.31e-3
13 29 0.558
26 32 6.53e-4
12 30 0.555
7 14 0.0305
2 32 1.22e-3
2 7 8.76e-4
2 10 6.11e-4
2 11 0.0736
25 33 6.22e-4
9 16 7.42e-3
8 17 8.95e-3
1 33 1.48e-3
9 21 0.383
8 22 0.391
21 25 0.0265
9 23 3.29e-3
20 26 0.0309
8 24 3.23e-3
15 27 0.54
3 9 5.63e-4
15 28 0.012
14 28 0.549
3 10 0.127
3 28 0.336
2 29 0.273
3 29 0.0109
8 32 8.22e-3
3 31 7.45e-4
10 33 4.94e-3
8 34 0.0228
8 35 4.78e-3
8 36 1.34e-3
4 9 0.132
4 11 7.68e-3
9 33 0.0239
11 33 5.24e-4
5 16 0.0276
11 19 0.396
10 21 1.28e-3
16 25 3.96e-3
17 26 0.396
16 27 0.021
4 25 1.09e-3
5 26 0.357
4 27 0.365
4 28 0.0123
11 30 1.29e-3
11 15 5.89e-4

#END
