#PP 2.0

CP000905.1/47243-47276_Bacillus_weihenstephanensis_KBAB4_pBWB402 AAAAUUGGUGUAGCCUUACCGUAGUAGGCACAAA

#END

#SECTION BASEPAIRS

#BPCUT 0.0005

17 26 0.409
16 26 0.569
11 28 5.47e-3
16 27 0.0145
10 29 9.78e-3
11 30 0.891
6 32 4.14e-3
10 31 0.899
6 33 6.73e-3
6 34 4.31e-3
9 18 4.57e-3
8 19 4.57e-3
15 24 3.63e-3
14 24 6.79e-4
20 24 1.83e-3
15 27 0.975
15 28 0.0086
14 28 0.98
9 30 0.0166
8 31 0.0158
5 33 4.04e-3
5 34 0.0051
7 20 4.57e-3
6 21 2.19e-3
18 22 2.03e-3
4 11 8.14e-4
13 25 7.92e-4
19 24 0.819
18 25 0.809
13 29 0.983
7 31 0.0031
9 32 0.73
9 33 2.19e-3
10 17 4.33e-3
5 10 8.28e-4
17 23 0.0023
16 23 3.72e-3
17 24 7.14e-3

#END
