#PP 2.0

Fusobacterium_ulcerans_ATCC_49185(lit1) AAAAGCGGUGUACCCUACCAUCAAGUGGGAGUUAA

#END

#SECTION BASEPAIRS

#BPCUT 0.0005

4 33 3.72e-3
6 10 0.0164
5 32 4.46e-3
7 33 5.80e-4
7 19 0.0029
7 22 9.04e-4
19 25 3.05e-3
18 25 0.954
19 27 0.0266
19 28 6.40e-4
18 28 0.0265
18 29 6.60e-4
13 29 0.022
7 13 0.011
13 31 0.626
7 14 0.0172
12 32 0.543
7 15 0.0023
6 31 0.0045
12 33 0.0157
2 9 5.48e-4
8 13 0.0181
8 14 0.0023
9 17 2.89e-3
8 18 2.91e-3
9 20 9.18e-4
8 21 9.16e-4
21 25 0.0222
20 26 0.0259
15 27 0.0215
14 28 0.0218
15 28 0.946
14 29 0.943
15 31 0.0106
8 33 1.47e-3
10 33 0.0783
4 9 1.52e-3
4 11 1.64e-3
10 16 2.47e-3
4 16 8.92e-3
9 34 0.0707
11 34 0.0253
9 35 0.0566
10 19 8.53e-4
11 35 5.89e-4
17 26 0.961
16 27 0.946
5 11 0.0159
16 30 6.48e-3
5 13 5.38e-4
11 30 1.08e-3
11 31 5.89e-4
5 15 9.62e-3

#END
