#PP 2.0

DQ025752.1/63481-63448 AAAUUGGUGUAGCCUUACCGUAGUAGGCGCUAAA

#END

#SECTION BASEPAIRS

#BPCUT 0.0005

4 33 0.269
4 34 1.49e-3
5 32 0.355
5 33 2.04e-3
7 18 0.0041
6 19 0.0041
18 23 0.884
19 23 9.34e-4
13 23 7.56e-3
12 24 9.03e-3
19 26 8.95e-4
18 27 8.34e-4
24 29 3.05e-3
13 27 0.3
12 28 0.279
13 29 0.601
12 30 0.601
7 30 0.369
6 31 0.368
9 16 3.88e-3
8 17 0.0041
15 22 0.0412
14 23 0.0408
15 23 5.01e-4
15 25 0.176
14 26 0.301
15 26 0.64
14 27 0.629
3 10 8.85e-4
9 28 0.115
8 29 0.365
9 30 0.0128
9 31 6.07e-4
10 32 0.527
8 32 9.45e-4
8 33 5.82e-3
10 33 0.0011
8 34 0.0104
4 9 1.19e-3
21 32 2.91e-3
17 21 1.24e-3
16 22 1.37e-3
5 20 2.02e-3
16 23 2.26e-3
17 24 0.887
16 25 0.763
10 27 0.0642
23 30 3.32e-3
22 31 3.28e-3
10 29 0.0114
11 31 0.594

#END
