#PP 2.0

Eubacterium_yurii_subsp._margaretiae_ATCC_43715 AAGAGUAGGAGAACCCGAGCCUUAUAAGUGGGAGUUAA

#END

#SECTION BASEPAIRS

#BPCUT 0.0005

24 29 0.0657
26 36 5.74e-3
1 23 0.101
14 32 0.335
14 34 0.222
12 35 0.0106
12 36 0.198
27 35 5.68e-3
25 37 5.06e-3
15 32 0.225
13 35 0.221
3 16 4.79e-3
3 36 1.36e-3
3 20 1.33e-3
3 21 0.128
3 22 1.17e-3
2 22 0.125
15 30 3.57e-3
3 23 8.31e-3
2 23 1.18e-3
14 31 3.57e-3
15 31 0.339
3 15 0.0018
5 16 9.59e-4
5 20 0.124
16 28 0.0029
5 21 7.54e-3
30 36 6.04e-4
17 29 0.212
4 22 8.91e-3
16 30 0.339
16 31 0.224
16 32 6.32e-3
4 25 1.81e-3
5 25 0.0159
16 34 3.45e-3
18 35 0.0117
18 36 0.0702
5 14 0.0109
6 33 1.16e-3
29 33 2.18e-3
4 35 1.43e-3
6 37 5.72e-3
29 37 5.33e-4
17 35 4.17e-3
19 35 0.084
17 36 0.0108
6 13 0.0104
6 17 2.41e-3
18 25 5.32e-3
19 25 1.39e-3
6 18 0.0134
6 19 0.122
7 36 6.27e-3
18 29 0.125
19 29 0.0946
7 22 5.03e-3
7 23 0.016
6 24 0.0168
8 14 2.18e-3
8 15 0.0582
9 16 0.0159
8 16 0.252
9 20 6.27e-3
20 28 0.116
21 28 0.0888
9 21 0.0152
8 21 6.29e-3
8 22 0.0152
20 30 1.11e-3
21 30 0.0596
20 31 0.0582
21 31 0.0919
20 32 0.0907
22 33 6.59e-3
20 34 0.0844
9 14 0.0581
9 15 0.251
10 35 0.0177
8 35 5.97e-3
10 36 0.0147
8 36 1.86e-3
21 32 0.0967
23 32 6.51e-3
21 34 5.98e-3
11 16 0.0017
22 26 4.53e-3
9 35 2.16e-3
11 35 0.0157
22 27 0.08
23 27 1.12e-3
9 36 0.0172
11 20 9.96e-3
11 36 0.011
22 28 1.36e-3
23 28 0.0016
11 21 5.16e-4
10 22 5.16e-4
22 30 0.0893
23 30 0.0893
22 31 0.0964
11 15 6.63e-4

#END
