#PP 2.0

Fusobacterium_sp._3_1_5R AUUCAGGUGUUCCACCACCUUUAAAUGAAGCAGUUAUAA

#END

#SECTION BASEPAIRS

#BPCUT 0.0005

6 34 0.0013
6 13 7.48e-4
29 34 7.27e-3
29 35 7.69e-4
17 34 3.49e-3
6 16 0.0738
29 37 6.59e-4
7 18 0.923
6 19 0.922
5 35 1.03e-3
1 22 0.0018
19 27 6.61e-4
13 27 1.18e-3
1 26 0.0393
19 30 0.0263
7 12 7.45e-4
26 32 0.0195
26 33 0.054
24 34 0.0116
7 15 0.074
24 35 0.0479
26 36 0.0673
26 38 6.11e-4
8 14 0.0738
25 34 0.0546
27 35 0.0679
25 35 6.19e-4
9 16 0.908
8 17 0.923
27 37 6.18e-4
25 37 0.0616
2 23 0.0371
3 23 0.0119
21 27 1.45e-3
14 26 9.66e-4
2 24 0.0101
3 24 0.0448
20 28 9.04e-4
21 28 0.0296
2 25 0.0446
20 29 0.0281
21 29 1.74e-3
27 31 0.0207
21 30 1.03e-3
9 13 0.0715
3 28 0.137
2 29 0.104
9 15 7.35e-3
9 31 1.49e-3
8 32 1.46e-3
32 37 1.08e-3
22 36 0.0157
22 38 8.86e-3
10 14 0.0119
23 35 0.0169
23 37 8.54e-3
21 38 1.37e-3
21 39 4.87e-3
5 20 0.762
5 21 0.0022
22 27 0.0262
22 28 1.89e-3
22 29 1.33e-3
5 26 0.0734
4 27 0.141
11 29 1.21e-3
10 30 1.44e-3
28 34 0.0613
28 35 6.75e-3
18 33 3.91e-3

#END
