#PP 2.0

Haemophilus_parasuis AUUUGGUGUAGGCUACCGUAUAGUGCCGCUUA

#END

#SECTION BASEPAIRS

#BPCUT 0.0005

6 13 3.08e-3
12 16 0.0179
12 17 0.022
6 16 0.0465
7 32 3.76e-3
13 18 0.0602
12 19 0.0552
13 23 0.159
7 22 0.0101
1 21 9.08e-3
19 25 4.37e-3
12 24 0.152
18 26 4.37e-3
13 25 0.626
1 7 5.31e-4
24 28 5.69e-3
12 26 0.643
7 25 0.152
1 24 5.39e-4
19 28 1.82e-3
6 26 0.16
1 9 1.35e-3
18 29 1.84e-3
13 28 0.0355
12 29 0.0356
7 12 3.01e-3
7 28 0.239
6 29 0.241
6 30 0.0268
6 31 0.0174
7 15 0.0461
1 31 0.0039
2 32 1.44e-3
2 8 1.45e-3
8 13 0.0022
8 14 0.0392
3 32 6.62e-3
15 21 0.145
9 20 0.0423
14 22 0.159
8 21 0.0399
2 20 0.0101
20 24 3.04e-3
14 23 4.48e-3
9 22 0.0418
15 24 0.462
9 23 2.08e-3
3 22 5.46e-4
14 25 0.0331
8 24 0.0347
2 23 5.73e-4
9 25 5.52e-3
8 26 3.35e-3
8 27 0.109
9 28 0.232
8 29 0.264
8 30 0.0011
8 31 5.11e-3
9 32 0.025
4 15 2.43e-3
11 17 0.0184
5 17 0.0464
10 19 0.041
4 18 0.0256
10 21 0.0419
17 23 0.0346
16 23 0.471
17 25 6.65e-4
16 25 7.66e-3
11 24 2.47e-3
10 24 1.53e-3
5 24 3.39e-3
11 26 2.59e-3
4 25 1.28e-3
23 29 6.49e-3
11 27 0.629
22 30 5.51e-3
5 27 0.16
4 28 0.0876
11 30 0.0352
5 29 6.90e-4
10 31 0.0331
5 30 0.205
5 14 3.01e-3
5 31 0.0304
4 32 0.0216

#END
