#PP 2.0

Lactobacillus_kefiranofaciens_ZW3 UAUAGAGGCCACAGAGCCUAUCAAAACUGUUUUA

#END

#SECTION BASEPAIRS

#BPCUT 0.0005

4 33 6.24e-4
5 32 6.25e-4
7 18 0.996
6 19 0.91
6 21 0.0251
1 23 2.39e-3
1 24 4.45e-3
1 25 0.0015
24 30 8.25e-4
25 30 4.47e-3
13 28 1.22e-3
24 31 6.12e-3
25 31 0.0157
12 29 0.0012
26 32 0.0012
24 32 0.016
24 33 8.62e-3
25 32 9.22e-3
25 33 0.0013
9 16 0.991
8 17 0.997
3 34 5.01e-4
3 20 8.84e-3
2 21 8.15e-3
3 23 2.82e-3
3 24 1.86e-3
14 27 0.0012
26 30 9.23e-3
26 31 6.26e-3
20 30 9.89e-4
20 31 2.05e-3
3 29 0.113
2 30 0.101
23 32 5.11e-3
10 14 0.08
23 33 0.0135
10 16 2.68e-3
5 18 1.34e-3
5 19 1.39e-3
4 19 4.08e-3
5 21 7.31e-3
4 21 0.0169
5 22 0.0428
23 28 0.0209
22 29 0.0253
5 27 0.117
4 28 0.117
23 31 7.77e-4
11 30 1.05e-3

#END
