#PP 2.0

Clostridium_botulinum_BKT015925 AAAGUCAGUGAACCUCCACUGUAUAAGCGAGGAGCUAAA

#END

#SECTION BASEPAIRS

#BPCUT 0.0005

17 27 1.65e-3
22 27 2.34e-3
17 29 1.42e-3
16 29 0.0117
11 15 7.85e-3
17 31 3.16e-3
13 32 0.0131
9 18 0.983
4 35 8.75e-4
3 36 8.19e-4
16 32 3.17e-3
15 33 3.17e-3
8 19 0.983
3 22 1.32e-3
2 22 6.61e-4
3 24 0.296
2 24 0.0034
28 34 0.969
27 35 0.969
25 36 6.05e-3
20 26 0.0106
21 28 2.49e-3
15 30 0.0132
20 29 1.32e-3
14 31 0.0132
5 34 8.27e-4
8 35 8.94e-3
10 35 2.14e-3
7 20 0.982
7 36 8.13e-3
6 21 0.976
1 24 8.32e-4
22 38 6.69e-4
19 27 0.0106
19 29 5.16e-4
10 16 5.21e-3
10 17 0.974
9 34 8.76e-3
14 34 3.06e-3
4 22 0.0338
5 23 0.266
4 24 0.258
26 36 0.896
5 27 5.83e-4
24 37 9.46e-3
4 28 5.89e-4
24 38 0.0126

#END
