#PP 2.0

4ATO_2|Chain_G|TOXI|BACILLUS AAAUUGGUGUAACCUUACCGUAGUAGGUGCUAAA

#END

#SECTION BASEPAIRS

#BPCUT 0.0005

4 33 0.487
4 34 2.56e-3
6 13 5.36e-4
6 14 0.0613
5 32 0.643
5 33 3.44e-3
7 18 0.164
5 34 9.88e-4
6 19 0.163
19 23 1.31e-3
18 23 0.622
19 26 0.0903
18 27 0.0903
1 24 5.54e-4
24 29 0.109
13 27 0.691
12 28 0.627
25 31 1.78e-3
13 29 2.05e-3
24 32 1.57e-3
7 13 0.0615
7 30 0.667
7 31 1.72e-3
6 31 0.666
8 12 0.0499
9 16 0.155
8 17 0.163
15 22 9.92e-4
14 23 9.54e-4
3 21 0.0015
15 25 0.401
14 26 0.687
15 26 0.055
3 24 0.0011
14 27 0.0511
26 30 1.72e-3
21 29 0.019
20 30 0.0189
9 28 0.0513
8 29 0.655
9 30 0.0689
9 31 9.55e-4
8 32 1.91e-3
10 32 6.64e-4
21 32 0.104
17 21 1.41e-3
16 22 0.0016
4 20 8.86e-4
5 20 0.0728
16 23 5.03e-3
17 24 0.615
16 25 0.333
4 23 1.09e-3
22 28 0.0184
17 28 0.0881
23 30 0.119
16 29 0.0615
11 28 0.0379
22 31 0.118
10 29 0.0677
11 31 6.95e-4

#END
