#PP 2.0

AAJM01000236.1/1478-1445 AAAUUGGUGUAUCCUUACCCUAGUAGGAACAAAA

#END

#SECTION BASEPAIRS

#BPCUT 0.0005

4 33 9.15e-3
4 34 0.017
6 14 2.29e-3
5 32 9.22e-3
5 33 0.0285
7 18 0.0199
5 34 0.0297
7 19 0.0347
6 19 0.019
7 20 0.103
6 20 0.0344
19 23 1.49e-3
18 23 0.701
6 21 0.103
19 27 3.53e-3
24 29 4.04e-3
13 27 0.785
12 28 0.768
12 29 5.38e-4
7 13 2.42e-3
6 30 4.55e-3
7 30 0.0163
9 16 0.0189
8 17 0.0199
9 18 0.138
21 25 3.21e-3
21 26 1.24e-3
20 26 3.95e-3
15 25 0.456
20 27 1.35e-3
14 26 0.781
15 26 0.0565
2 24 1.12e-3
3 24 0.106
14 27 0.0522
3 10 8.66e-4
8 29 0.0168
9 30 0.736
8 31 0.605
8 32 0.0023
8 33 5.27e-4
4 9 8.80e-4
11 16 0.133
10 17 0.138
17 21 1.58e-3
16 22 0.0018
16 23 5.72e-3
17 24 0.693
4 22 9.43e-4
5 22 0.114
16 25 0.373
4 23 0.112
23 30 4.44e-3
10 29 0.719
5 31 0.0054
4 32 4.79e-3

#END
