#PP 2.0

AAZ06636|Bacillus_thuringiensis_serovar_kurstaki_HD73_pAW63 GUAACCUUACCGUAGUAGGUGCUAAAAAAUUGGU

#END

#SECTION BASEPAIRS

#BPCUT 0.0005

8 14 1.61e-3
8 15 5.11e-3
6 32 0.0377
11 15 1.36e-3
9 16 0.667
8 17 0.381
4 34 0.0306
3 20 0.108
2 21 0.207
9 20 0.161
8 21 0.0845
3 23 2.33e-3
3 8 5.41e-4
2 24 2.23e-3
15 22 0.031
14 23 0.0309
9 13 1.42e-3
8 29 6.40e-4
5 33 0.0377
7 17 0.408
10 33 0.0038
6 18 0.698
7 18 0.0979
6 19 0.0933
1 22 0.213
1 6 6.54e-4
26 30 1.07e-3
22 32 1.18e-3
22 33 0.62
1 10 5.41e-4
13 24 0.0299
10 15 0.674
12 31 3.49e-3
11 32 0.0038
5 19 0.702
11 18 0.169
9 34 2.98e-3
4 20 0.579
25 30 0.417
10 19 0.169
5 21 9.72e-3
25 31 1.18e-3
24 31 0.6
23 32 0.623
21 34 0.493
2 9 5.68e-4
16 21 0.0285

#END
