#PP 2.0

NP_862552|Lactococcus_lactis_subsp_lactis_W-37_pSRQ900 UAUCCAAGCCAUAGUUGGAAUUGAUAAAAUUGGAG

#END

#SECTION BASEPAIRS

#BPCUT 0.0005

4 33 0.206
7 16 0.0184
6 16 0.189
5 32 0.206
13 22 0.0149
6 21 0.15
7 21 0.135
1 20 1.08e-3
12 23 0.0121
6 22 0.136
7 22 1.22e-3
12 24 2.65e-3
13 25 4.63e-3
1 23 2.15e-3
12 26 5.25e-3
25 29 3.05e-3
12 27 1.72e-3
24 30 3.77e-3
1 26 0.456
24 31 0.0104
1 27 1.08e-3
19 31 0.0222
7 30 0.135
7 15 0.164
6 31 0.187
25 32 5.88e-4
8 15 0.0375
9 18 0.72
15 20 0.0133
3 34 0.181
14 21 0.0148
3 19 0.174
14 22 1.49e-3
8 21 1.77e-3
3 20 1.48e-3
15 23 9.47e-4
8 22 5.56e-4
2 21 2.42e-3
15 24 0.0203
2 22 2.08e-3
21 26 7.47e-4
14 25 0.0182
21 27 6.64e-4
8 25 5.79e-4
3 24 0.518
21 28 8.99e-3
15 27 2.65e-3
2 25 0.512
21 29 0.0427
26 31 6.31e-4
20 30 0.0375
15 29 5.34e-4
22 32 1.97e-3
8 30 7.21e-4
9 14 0.0554
22 33 9.89e-3
10 32 3.05e-3
21 33 8.46e-4
21 34 8.56e-3
11 16 0.672
9 33 3.03e-3
10 17 0.722
5 17 0.208
4 18 0.208
17 22 7.57e-3
16 23 0.0195
11 22 1.81e-3
10 23 1.89e-3
22 26 6.10e-4
17 25 2.68e-3
5 23 0.0944
4 23 0.475
22 27 0.0115
16 26 2.75e-3
11 25 3.72e-3
22 28 0.0443
22 29 2.92e-3
16 28 5.27e-4
23 31 0.0035
11 31 2.89e-3

#END
