#PP 2.0

YP_271719|Haemophilus_influenzae_biotype_aegyptius_pF1947 GGCGCAAGCUGCCAUAAGUGCUACUUAAUCA

#END

#SECTION BASEPAIRS

#BPCUT 0.0005

6 10 3.17e-3
6 15 5.71e-4
12 18 1.06e-3
13 18 6.02e-3
12 20 8.25e-3
6 19 2.65e-3
19 23 0.604
18 24 0.744
7 22 1.85e-3
1 22 0.0991
7 25 2.89e-3
1 24 3.27e-3
19 28 2.81e-3
6 26 2.44e-3
18 29 2.45e-3
1 10 0.03
18 30 5.80e-4
1 13 0.836
7 15 1.51e-3
1 30 5.85e-4
2 9 0.0339
2 12 0.837
8 13 1.06e-3
2 13 1.71e-3
8 15 6.17e-3
9 18 0.0115
8 19 8.07e-3
9 20 1.98e-3
8 21 0.002
3 20 0.111
2 21 0.111
8 24 2.94e-3
3 8 0.0339
15 27 0.643
15 28 7.07e-3
14 29 0.012
3 11 0.836
4 9 0.0286
4 10 0.53
4 12 4.53e-3
10 17 0.0124
11 19 9.96e-4
5 18 0.107
4 19 0.108
11 21 8.37e-3
5 20 7.59e-3
4 21 0.0076
17 25 0.742
16 26 0.727
5 11 4.61e-3
11 30 9.11e-4

#END
