#PP 2.0

ZP_02272649|Fusobacterium_nucleatum_subsp_polymorphum_ATCC10953 AAAAAGCGGAAAACCCUGCCGUUAAGUGGGAGUUA

#END

#SECTION BASEPAIRS

#BPCUT 0.0005

6 33 1.28e-3
12 17 1.35e-3
7 32 1.29e-3
6 16 2.46e-3
5 34 1.06e-3
7 18 0.0275
6 19 0.026
7 21 0.0387
6 22 0.038
19 26 0.875
18 27 0.883
19 29 0.0312
19 30 5.08e-3
24 34 5.89e-4
14 32 0.819
12 33 8.14e-3
12 34 0.703
25 33 6.17e-4
8 14 2.73e-3
8 15 0.0164
13 33 0.804
9 16 0.0261
8 16 2.83e-3
8 17 0.0262
9 19 0.0385
8 20 0.0387
3 22 3.97e-3
20 26 0.0118
2 23 3.58e-3
21 27 0.02
20 28 0.0316
20 29 6.41e-3
15 28 1.28e-3
20 30 1.16e-3
14 29 1.28e-3
15 29 0.0153
14 30 0.0152
15 30 0.881
9 14 0.0164
9 15 2.94e-3
10 33 1.36e-3
10 34 2.76e-3
10 17 0.0042
11 17 3.59e-3
11 33 2.45e-3
9 34 1.55e-3
11 34 8.77e-3
5 17 2.23e-3
22 26 1.56e-3
17 25 1.26e-3
5 23 0.0307
16 26 1.25e-3
22 28 8.76e-4
16 28 0.0152
17 28 0.874
16 29 0.881
17 31 0.0307
16 32 0.0295

#END
