#PP 2.0

ZP_01667702|Thermosinus_carboxydivorans_Nor1 AAAAAAGCGGGGAAACCUCGCCCCUAAACUGAGGAUG

#END

#SECTION BASEPAIRS

#BPCUT 0.0005

9 18 1.48e-3
9 19 0.993
8 20 0.994
25 32 0.749
9 22 8.32e-4
25 33 1.34e-3
9 23 5.15e-4
9 24 3.97e-3
12 16 0.913
13 18 1.12e-3
26 30 8.05e-3
12 19 1.28e-3
7 21 0.987
22 33 1.82e-3
7 22 1.73e-3
22 34 0.165
12 21 3.97e-3
7 24 5.60e-4
6 25 5.57e-4
22 37 1.22e-3
11 16 0.0511
10 17 0.0507
11 17 0.943
10 18 0.942
25 31 7.36e-3
24 31 0.149
23 33 0.164
10 21 8.36e-4
11 21 5.23e-4
24 33 0.797
23 34 0.791
21 34 7.95e-4
10 22 5.23e-4
11 22 3.98e-3
24 34 1.39e-3
10 23 3.98e-3

#END
